epoch:00001 21.227367130290780 0.5287552917747055 0.5920546770095825
epoch:00002 23.002742716906720 0.5973674138701852 0.5552241921424865
epoch:00003 24.484035739793363 0.6710259274032888 0.5011376380920410
epoch:00004 25.237287849729120 0.7141015506014597 0.46073066592216494
epoch:00005 26.185791559607054 0.7452163265598475 0.4215618968009949
epoch:00006 26.940163372559653 0.7689325052166384 0.3875796854496002
epoch:00007 27.293448890562587 0.7851837437755329 0.3570689857006073
epoch:00008 27.649681802070790 0.7946258018452550 0.3424013614654541
epoch:00009 28.043169026081720 0.8050805430065836 0.32355836033821106
epoch:00010 28.265484937346990 0.8124020635939507 0.3089179635047913
epoch:00011 28.531964603688210 0.8196952703593968 0.3019281953573227
epoch:00012 28.624525603897837 0.8254075213755646 0.2944912761449814
epoch:00013 28.795051396953625 0.8280173184421820 0.2880579411983490
epoch:00014 28.908764196062492 0.8314167333122559 0.2869094371795654
epoch:00015 28.764719604354887 0.8325136517874749 0.28356279730796813
epoch:00016 29.001452633946435 0.8348974679856968 0.2856240153312683
epoch:00017 29.044423953501884 0.8350166173439083 0.28357943892478943
epoch:00018 29.076759440833210 0.8371219976499507 0.28579393923282626
epoch:00019 29.116782233206130 0.8378645192887783 0.28579171299934386
epoch:00020 29.112266455589500 0.8384115648034497 0.2869426399469376
epoch:00021 29.163394880898647 0.8390721956735654 0.2852409064769745
epoch:00022 29.217748309751677 0.8406265898316168 0.2855467051267624
epoch:00023 29.152891283130838 0.8414408634686831 0.2814220130443573
epoch:00024 29.228784931678120 0.8431684651005673 0.28179723024368286
epoch:00025 29.278198073611822 0.8445054650287801 0.28231477439403535
epoch:00026 29.303285757306460 0.8453206587185319 0.28093628883361815
epoch:00027 29.399678326402460 0.8480516926975128 0.2788354754447937
epoch:00028 29.449701915865244 0.8501414350802434 0.2746904820203781
epoch:00029 29.521743939226970 0.8517274005317867 0.2736418604850769
epoch:00030 29.587202526468020 0.8535088406978906 0.27270083129405975
epoch:00031 29.653452981027960 0.8547674821382326 0.2699486345052719
epoch:00032 29.726676737671504 0.8570074995505139 0.26462229788303376
epoch:00033 29.786216978173110 0.8591358896228721 0.26369736790657045
epoch:00034 29.831425560389704 0.8598498653972625 0.2623115360736847
epoch:00035 29.920018131838360 0.8619959750556980 0.25960731208324433
epoch:00036 29.937681110669768 0.8628720177954575 0.2579070359468460
epoch:00037 30.026255351124995 0.8648668964827435 0.2548555016517639
epoch:00038 29.912401253601740 0.8647489879134067 0.2542534410953522
epoch:00039 30.008048420401547 0.8651062162242372 0.2569729954004288
epoch:00040 30.004580038675100 0.8623432899676825 0.25647261142730715
epoch:00041 30.134642909740812 0.8674935155251994 0.2532945930957794
epoch:00042 30.083480940374464 0.8677300068324195 0.25311985313892366
epoch:00043 30.233706959722678 0.8696928221049018 0.24402054250240326
epoch:00044 30.184912531366308 0.8705207347505624 0.24809243977069856
epoch:00045 30.304615474572160 0.8712434709618793 0.2454611361026764
epoch:00046 30.251020968955793 0.8714853708186464 0.24604870080947877
epoch:00047 30.314238474960780 0.8719329614382175 0.2459464281797409
epoch:00048 30.399427396389722 0.8736959288170926 0.24288787543773652
epoch:00049 30.351622868582790 0.8732592227068976 0.2440530002117157
epoch:00050 30.389741583277413 0.8741590478275221 0.24290055632591248
epoch:00051 30.372793270088030 0.8731048235842108 0.2417500436306000
epoch:00052 30.424147101492850 0.8747267891122739 0.24092254042625427
epoch:00053 30.479175900050137 0.8761148722286961 0.24062905013561248
epoch:00054 30.488732023553560 0.8764452612471164 0.23988921344280242
epoch:00055 30.524036018955023 0.8768851631093219 0.23744594156742097
epoch:00056 30.459891446676750 0.8760162989125357 0.2420727938413620
epoch:00057 30.543837404779616 0.8774999772676109 0.23847065269947051
epoch:00058 30.428850494923290 0.8745934505856292 0.2439875930547714
epoch:00059 30.537726528989197 0.8763832698827864 0.2345027357339859
epoch:00060 30.413509469284758 0.8752283808155520 0.24222759604454042
epoch:00061 30.623145928846377 0.8789835034989644 0.2370419144630432
epoch:00062 30.617041719096324 0.8787651693057583 0.23554323017597198
epoch:00063 30.660259278302323 0.8793083705022845 0.22842226922512054
epoch:00064 30.673742766195016 0.8802792394693582 0.23443425297737122
epoch:00065 30.550699442093805 0.8788472934735484 0.23823312819004058
epoch:00066 30.719827017308580 0.8802973242175517 0.23299552202224733
epoch:00067 30.729066060993603 0.8814041412257658 0.23117803931236267
epoch:00068 30.747743334528526 0.8818351660576818 0.23113526701927184
epoch:00069 30.660486585743122 0.8801146218744256 0.2349640905857086
epoch:00070 30.706926526869392 0.8808999562299402 0.2337455689907074
epoch:00071 30.712030628448353 0.8813883159575593 0.2350181132555008
epoch:00072 30.804818332982705 0.8821325496358264 0.2291800856590271
epoch:00073 30.722170184324874 0.8815819453196386 0.2275671035051346
epoch:00074 30.779850899807172 0.8824020947687738 0.22987644374370575
epoch:00075 30.654108100388270 0.8806973136908016 0.2337949424982071
epoch:00076 30.764660295629046 0.8820671957090138 0.23032983839511872
epoch:00077 30.817417966408783 0.8827609699933101 0.22899797856807708
epoch:00078 30.858986809368417 0.8834562272966056 0.2266430914402008
epoch:00079 30.772077276995663 0.8820904645554217 0.23161481320858002
epoch:00080 30.925547332476140 0.8845103904755150 0.22689455449581147
epoch:00081 30.855925744838668 0.8835396047159204 0.2290792554616928
epoch:00082 30.885851023511538 0.8844559892530022 0.22850427627563477
epoch:00083 30.893461167461215 0.8850052288784983 0.2258409798145294
epoch:00084 30.898733816149820 0.8842739681142886 0.22946343421936036
epoch:00085 30.898127825975195 0.8850040920047496 0.2266974091529846
epoch:00086 30.801983366819417 0.8842974468614994 0.2294290542602539
epoch:00087 30.854286766631610 0.8841061424812728 0.23027119934558868
epoch:00088 30.926055269402800 0.8851249711701860 0.2287985712289810
epoch:00089 30.934251762377330 0.8851909393387467 0.2281402349472046
epoch:00090 30.962658046024842 0.8851534557282417 0.22685416042804718
epoch:00091 30.930345356024530 0.8852135166177225 0.2273666739463806
epoch:00092 31.027209561185742 0.8866479647412644 0.2244301915168762
epoch:00093 30.996884428813900 0.8867242683411792 0.22241782546043395
epoch:00094 31.008650152837617 0.8860219683183155 0.2228274852037430
epoch:00095 30.976075119772000 0.8861082159952082 0.2255816787481308
epoch:00096 30.951255165025838 0.8845233540602670 0.22735388576984406
epoch:00097 31.035672265904573 0.8876043367424197 0.22366543710231782
epoch:00098 31.037756256253950 0.8871221082507127 0.22354597151279448
epoch:00099 31.062229118337626 0.8875690990902172 0.2220512658357620
epoch:00100 31.052965327911995 0.8872326751467504 0.22141712605953218
epoch:00101 31.032600603022235 0.8867738730492161 0.2179218828678131
epoch:00102 31.078190242347790 0.8871619251964147 0.22210611999034882
epoch:00103 31.029193049310738 0.8865395427608274 0.22685649991035461
epoch:00104 31.008027260600688 0.8865012918381519 0.2246905893087387
epoch:00105 31.055667371718300 0.8871101752931333 0.22273114323616028
epoch:00106 30.989360505770378 0.8862889104150474 0.22515302896499634
epoch:00107 31.043526588257150 0.8870814199619114 0.22452494502067566
epoch:00108 31.061528205921512 0.8873283372241808 0.2241696834564209
epoch:00109 31.092308597154640 0.8873011862179426 0.22038203179836274
epoch:00110 31.153006652878055 0.8890463470614373 0.2200426459312439
epoch:00111 31.040337585057790 0.8873532732802152 0.22097382545471192
epoch:00112 31.103565829568480 0.8877287457628602 0.22134206891059877
epoch:00113 31.141133971220285 0.8885547450669119 0.21984098553657533
epoch:00114 31.090058520779344 0.8874943963789395 0.22310279905796052
epoch:00115 31.103526026376773 0.8880881581133998 0.22388668358325958
epoch:00116 31.136234366230603 0.8888437026194049 0.21982792317867278
epoch:00117 31.128049027934310 0.8880873614266449 0.22091954648494722
epoch:00118 31.150444221650123 0.8883620448428861 0.2215764492750168
epoch:00119 31.123162938480313 0.8889192222619651 0.22058291137218475
epoch:00120 31.160023348654505 0.8892968823898512 0.22043500542640687
epoch:00121 31.189300976602688 0.8896406291902534 0.21912552416324615
epoch:00122 31.146322581466950 0.8885417268066774 0.2186000317335129
epoch:00123 31.223623188812184 0.8900435129507454 0.22002960741519928
epoch:00124 31.128293996211530 0.8888009926405751 0.22172365486621856
epoch:00125 31.153577816745580 0.8888119417947582 0.22002258598804475
epoch:00126 31.216520167068570 0.8890367388016122 0.21873220801353455
epoch:00127 31.200046189632097 0.8892900708382934 0.21927070021629333
epoch:00128 31.226143949892652 0.8904602654005960 0.22021681368350982
epoch:00129 31.246797438572564 0.8901653522093005 0.2162847101688385
epoch:00130 31.215621419724595 0.8897589606854421 0.2193450301885605
epoch:00131 31.206437549643987 0.8898110626726818 0.2212055057287216
epoch:00132 31.248629788111987 0.8906026767928161 0.21957111954689026
epoch:00133 31.212220023330320 0.8897717173888072 0.2205337554216385
epoch:00134 31.147047111110510 0.8897941051071350 0.21865540146827697
epoch:00135 31.267791583935140 0.8908528588874682 0.2178367942571640
epoch:00136 31.273331491394970 0.8907381718629391 0.21875249743461608
epoch:00137 31.314237520461564 0.8914343922914568 0.2172200620174408
epoch:00138 31.285577846942914 0.8912891609460207 0.22022728025913238
epoch:00139 31.313747103467392 0.8916657187374680 0.21779745519161225
epoch:00140 31.264622154506082 0.8906156079655002 0.21656506955623628
epoch:00141 31.275510323705532 0.8911584853940229 0.21662560105323792
epoch:00142 31.278178819424475 0.8909185297755448 0.21852672696113587
epoch:00143 31.315139506636797 0.8912621249414701 0.21742677688598633
epoch:00144 31.328592496427525 0.8922173318354739 0.21716986894607543
epoch:00145 31.309822438585577 0.8913215984618195 0.21954502463340758
epoch:00146 31.286931894513533 0.8913425884902757 0.21837906241416932
epoch:00147 31.298505201923206 0.8915264532775176 0.21932903826236724
epoch:00148 31.310949507237900 0.8916304460475750 0.2172368884086609
epoch:00149 31.313025939650032 0.8916837515312471 0.21715257167816163
epoch:00150 31.311162819618527 0.8916187542019754 0.21849603652954103
epoch:00151 31.222179568069812 0.8901271467331700 0.22202963531017303
epoch:00152 31.306438380256008 0.8922359034223165 0.21705820858478547
epoch:00153 31.342943765214784 0.8920694556604472 0.21740078330039977
epoch:00154 31.375377954133835 0.8924541216702393 0.21520436108112334
epoch:00155 31.332776540685465 0.8921346074035442 0.21553236544132232
epoch:00156 31.327988096597117 0.8918901501389135 0.21740071773529052
epoch:00157 31.366883570555690 0.8922734065315361 0.21548482179641723
epoch:00158 31.375139457684220 0.8926293589455986 0.21566193401813508
epoch:00159 31.311698942824506 0.8920315862701115 0.21813169121742249
epoch:00160 31.304743097177248 0.8918406025953332 0.21466271877288817
epoch:00161 31.408301330929570 0.8927437349709288 0.2153693377971649
epoch:00162 31.336587030188134 0.8919035544494843 0.2158715844154358
epoch:00163 31.305660362035656 0.8917631315200886 0.21750767827033995
epoch:00164 31.364131287031590 0.8926168271843690 0.21234142780303955
epoch:00165 31.248240267298932 0.8922804143604702 0.21657514870166777
epoch:00166 31.334547322411687 0.8921563178211589 0.21426887214183807
epoch:00167 31.404798983201250 0.8930750129821019 0.21337378025054932
epoch:00168 31.414782308984496 0.8931253181651326 0.21234262883663177
epoch:00169 31.371046195505244 0.8929799021190326 0.21304245591163634
epoch:00170 31.361411785058785 0.8926443112147322 0.2148213654756546
epoch:00171 31.383057871581407 0.8930054525299991 0.21607861518859864
epoch:00172 31.359704248324020 0.8930832965662450 0.2188622921705246
epoch:00173 31.420311454612850 0.8930645427019099 0.2139553576707840
epoch:00174 31.359222589248910 0.8929450621996458 0.21230686008930205
epoch:00175 31.409235689409126 0.8933084630292241 0.21492624580860137
epoch:00176 31.450459590092190 0.8931904014347936 0.21287984251976014
epoch:00177 31.435322162091660 0.8936303773218130 0.2128977119922638
epoch:00178 31.446062867228306 0.8933519189734642 0.21391714215278626
epoch:00179 31.369370148537666 0.8923064061742808 0.21306583285331726
epoch:00180 31.398774919200314 0.8932948640677832 0.2119680017232895
epoch:00181 31.431220503136085 0.8935124944173427 0.21492501199245453
epoch:00182 31.374694272473278 0.8928309695055671 0.2161657392978668
epoch:00183 31.442973172910400 0.8934185729254960 0.21266175508499147
epoch:00184 31.393868331676380 0.8930573573500405 0.21606602966785432
epoch:00185 31.384186254863863 0.8936134096427800 0.2125124454498291
epoch:00186 31.447428955443410 0.8938782442101904 0.21594085693359374
epoch:00187 31.323185548434147 0.8922845697679385 0.2162500798702240
epoch:00188 31.468409380103658 0.8941463798620466 0.21429149508476258
epoch:00189 31.381176345204710 0.8927650145812720 0.21442697644233705
epoch:00190 31.487304896309173 0.8944686573768379 0.21188849806785584
epoch:00191 31.448308437447510 0.8940627435676202 0.21511860191822052
epoch:00192 31.381985378042195 0.8933861234836286 0.2160053551197052
epoch:00193 31.332563244010590 0.8917135468511050 0.2196045547723770
epoch:00194 31.450089696410867 0.8940301300203715 0.21221746504306793
epoch:00195 31.472589826173740 0.8940815279070244 0.21480918526649476
epoch:00196 31.391292423723986 0.8929964395526631 0.21798934936523437
epoch:00197 31.424614251074730 0.8950835273554331 0.21057040095329285
epoch:00198 31.454899841334880 0.8944179804645251 0.21346710622310638
epoch:00199 31.487779868781654 0.8944314734460764 0.21267010271549225
epoch:00200 31.465067089022067 0.8940233667403591 0.21085954904556276
epoch:00201 31.495454088769844 0.8945915267585939 0.2136766105890274
epoch:00202 31.468836572242820 0.8944847206699240 0.21444033980369567
epoch:00203 31.470472439820050 0.8941714022258023 0.21492927074432372
epoch:00204 31.422753733685774 0.8941775952712622 0.21416922509670258
epoch:00205 31.480967427326300 0.8940943059082572 0.21226177513599395
epoch:00206 31.529385625142130 0.8954907856204901 0.2102387934923172
epoch:00207 31.475724564051156 0.8948895238694881 0.21328026950359344
epoch:00208 31.521415908230450 0.8948988936239486 0.21407564282417296
epoch:00209 31.458891648046716 0.8946992020575234 0.2135055273771286
epoch:00210 31.502075053500356 0.8952045502005174 0.2106050580739975
epoch:00211 31.438744918010446 0.8941375362214548 0.2158445179462433
epoch:00212 31.538119915471178 0.8951229509124723 0.2125844568014145
epoch:00213 31.533257340186424 0.8954657495669920 0.21274028718471527
epoch:00214 31.552193169054270 0.8952657867550163 0.20960090458393096
epoch:00215 31.522095972625220 0.8958755027249890 0.21227034330368041
epoch:00216 31.520148650560440 0.8951009386106392 0.21444266140460969
epoch:00217 31.477050917089400 0.8948702325981829 0.21552591025829315
epoch:00218 31.449465792961092 0.8943330732647794 0.21456367075443267
epoch:00219 31.517614858935900 0.8955648975518947 0.2114899754524231
epoch:00220 31.502473484247275 0.8950145836424179 0.21264720261096953
epoch:00221 31.519805564281647 0.8959526994022810 0.2123795986175537
epoch:00222 31.527064916512460 0.8949573436507066 0.21463722884654998
epoch:00223 31.457866515682830 0.8940997436014925 0.21084753274917603
epoch:00224 31.474355997067534 0.8938679762190123 0.2147660732269287
epoch:00225 31.494384723962582 0.8944858932893170 0.21472873091697692
epoch:00226 31.587116848554570 0.8963110142541371 0.21030065417289734
epoch:00227 31.478074987926654 0.8949843896916132 0.2130551040172577
epoch:00228 31.479826003649514 0.8948913006989574 0.2159907579421997
epoch:00229 31.577763287772240 0.8958747801952038 0.21068367660045623
epoch:00230 31.517169836542430 0.8953980279644691 0.2143522173166275
epoch:00231 31.504542634607690 0.8951637003376611 0.2126520961523056
epoch:00232 31.548581046979997 0.8957796840530875 0.21080597043037413
epoch:00233 31.553643803047798 0.8961346849011802 0.21318138241767884
epoch:00234 31.521872883279066 0.8953556317850421 0.21241303086280822
epoch:00235 31.499000367370126 0.8954286119437069 0.21255886554718018
epoch:00236 31.555711251639355 0.8961331722997677 0.21313323080539703
epoch:00237 31.537143291115220 0.8953599092245780 0.2114666223526001
epoch:00238 31.494746258356690 0.8949832088000227 0.2106769859790802
epoch:00239 31.563093601186317 0.8956137365589185 0.2129869282245636
epoch:00240 31.521820431083036 0.8946645962328639 0.21552665829658507
epoch:00241 31.560428085763135 0.8950655929633626 0.21551890075206756
epoch:00242 31.587606856051416 0.8962665813806694 0.2102520614862442
epoch:00243 31.607355233730253 0.8964694631770100 0.21151554882526397
epoch:00244 31.604773874609794 0.8965661648050949 0.21257579922676087
epoch:00245 31.525126756732448 0.8945293317509562 0.21214144825935363
epoch:00246 31.486827071749480 0.8956547105899050 0.21405760049819947
epoch:00247 31.588997697131410 0.8965331734024543 0.21072326898574828
epoch:00248 31.630051398089115 0.8964772703033536 0.2106890618801117
epoch:00249 31.586474679202674 0.8960695742862969 0.20978280603885652
epoch:00250 31.575190299486990 0.8955821266366790 0.21201960146427154
epoch:00251 31.599485000050265 0.8965792827981025 0.21073102355003356
epoch:00252 31.533878722174137 0.8956667369015481 0.21418431103229524
epoch:00253 31.589559046547880 0.8959239435171880 0.21196594536304475
epoch:00254 31.637735677540228 0.8968001439444588 0.20877387821674348
epoch:00255 31.603210526199650 0.8963291883645848 0.2115761935710907
epoch:00256 31.586272382389744 0.8960587315632493 0.21247870326042176
epoch:00257 31.606123394606378 0.8969051760898232 0.2103435516357422
epoch:00258 31.629937328987700 0.8965229975531228 0.2111150413751602
epoch:00259 31.606743704064844 0.8966009100540131 0.21142858564853667
epoch:00260 31.577311576291446 0.8963404445612921 0.2117893785238266
epoch:00261 31.585933057989250 0.8965265193597463 0.2128674566745758
epoch:00262 31.535192559574870 0.8959946017387759 0.21141874492168428
epoch:00263 31.561680155438363 0.8954432435473707 0.21117112636566163
epoch:00264 31.541661260688710 0.8958356836416413 0.21588564217090606
epoch:00265 31.592745012617684 0.8963949377099454 0.21295976936817168
epoch:00266 31.582495806582926 0.8963858133372968 0.20933509171009063
epoch:00267 31.638046493396455 0.8971899400630198 0.2118825912475586
epoch:00268 31.571496909154916 0.8961832102713270 0.21593465209007262
epoch:00269 31.604643873461280 0.8964764948509132 0.21065637469291687
epoch:00270 31.545716026839965 0.8953350970506160 0.2082057148218155
epoch:00271 31.660745193861395 0.8972891668534624 0.20876526832580566
epoch:00272 31.555553286565890 0.8958619024602232 0.21147942841053008
epoch:00273 31.554135023466860 0.8962573666429847 0.21332403719425203
epoch:00274 31.655852877354170 0.8973707946517250 0.2110186070203781
epoch:00275 31.505370984362610 0.8950086324278687 0.21554966568946837
epoch:00276 31.578821241100872 0.8961756994911136 0.21097539961338044
epoch:00277 31.599281189655965 0.8964790324196908 0.21223222315311432
epoch:00278 31.611308276997960 0.8963154864867171 0.2135707378387451
epoch:00279 31.623401164554830 0.8969329045646977 0.21063718497753142
epoch:00280 31.578162342032165 0.8963062704751547 0.21471722424030304
epoch:00281 31.612461489958502 0.8966379885700044 0.21312698125839233
epoch:00282 31.631557760834642 0.8969389833752818 0.2085470587015152
epoch:00283 31.553200438581392 0.8961984817278893 0.2096949875354767
epoch:00284 31.611816170312800 0.8967376720192426 0.2125833660364151
epoch:00285 31.679699836615830 0.8974577915062518 0.2100990593433380
epoch:00286 31.604623232433150 0.8968493285407808 0.20871641337871552
epoch:00287 31.668841412794144 0.8975429714393683 0.21004795134067536
epoch:00288 31.649069334372154 0.8973329818556955 0.20947119891643523
epoch:00289 31.566549542407802 0.8963778567142437 0.2110947161912918
epoch:00290 31.658645147417490 0.8976150894607609 0.20866390764713288
epoch:00291 31.649843787456973 0.8971613828775087 0.21126222908496856
epoch:00292 31.621930067813633 0.8971013146128606 0.21172057390213012
epoch:00293 31.651718321081102 0.8971616416813886 0.2096731811761856
epoch:00294 31.655726011249108 0.8972450208094649 0.2091146081686020
epoch:00295 31.620842702641840 0.8972382564839334 0.21051518023014068
epoch:00296 31.638885750837755 0.8973784775838005 0.21233246326446534
epoch:00297 31.609079876444913 0.8972173319209021 0.21125997602939606
epoch:00298 31.627351080122377 0.8971858285415047 0.21078518629074097
epoch:00299 31.556280558402925 0.8962591713875563 0.21455968022346497
epoch:00300 31.688487811515824 0.8978608382725023 0.21044887900352477
epoch:00301 31.685471083012963 0.8982927288215098 0.2096759170293808
epoch:00302 31.580968718062120 0.8963349729215666 0.21339720487594604
epoch:00303 31.629607274377975 0.8970848859885561 0.20744505524635315
epoch:00304 31.682116897228536 0.8975870345158858 0.21046157777309418
epoch:00305 31.603266498095643 0.8966632435394016 0.21284686625003815
epoch:00306 31.665545892294170 0.8980883597070631 0.20981535017490388
epoch:00307 31.587538498732282 0.8969031591004775 0.21220248937606812
epoch:00308 31.613682605484097 0.8974816826482016 0.21120428740978242
epoch:00309 31.618608176783784 0.8968244924196324 0.21329947412014008
epoch:00310 31.628082188728760 0.8969779243609791 0.2106779009103775
epoch:00311 31.675755403493080 0.8981048823087623 0.20871056914329528
epoch:00312 31.676986014829946 0.8978768472795607 0.20945124626159667
epoch:00313 31.710530578346077 0.8979158814162023 0.20855515897274018
epoch:00314 31.621285360230836 0.8963660661871222 0.21091137826442719
epoch:00315 31.714677061794067 0.8983348853177688 0.21015194952487945
epoch:00316 31.690228634677900 0.8976848476666511 0.21125053167343139
epoch:00317 31.655754083642897 0.8973459240956781 0.2134181946516037
epoch:00318 31.653748442898507 0.8974299123823630 0.20757898390293122
epoch:00319 31.586146036353096 0.8965907677388337 0.21432030498981475
epoch:00320 31.688057429423907 0.8981563485588318 0.20771137475967408
epoch:00321 31.586994385400622 0.8966906563200402 0.21053632199764252
epoch:00322 31.646699806177500 0.8975442182954751 0.21007054448127746
epoch:00323 31.644068661724950 0.8972076930785585 0.21111322939395905
epoch:00324 31.620529369049883 0.8977184025903273 0.20941708087921143
epoch:00325 31.667892144043044 0.8977785504616428 0.20944492816925048
epoch:00326 31.612737457316350 0.8968872869420430 0.20706160962581635
epoch:00327 31.707152886410626 0.8977482207657046 0.21143266260623933
epoch:00328 31.681559533932283 0.8979030805410030 0.20943260192871094
epoch:00329 31.621621946147780 0.8977979627830546 0.21028878390789033
epoch:00330 31.738070483421886 0.8979833343896854 0.2026277631521225
epoch:00331 31.620517786820095 0.8973913735666137 0.20961284637451172
epoch:00332 31.661316891876748 0.8975595562004040 0.21128475964069365
epoch:00333 31.736805819083127 0.8982953398242681 0.20934780836105346
epoch:00334 31.668398412645047 0.8980369160054561 0.2106413483619690
epoch:00335 31.636115642671825 0.8972463935801631 0.20843371450901033
epoch:00336 31.669235432359027 0.8977126607844973 0.20945623219013215
epoch:00337 31.679637295639850 0.8982903524679811 0.20925278663635255
epoch:00338 31.711349851286485 0.8979124967444425 0.21119399666786193
epoch:00339 31.702802534864770 0.8981310460952511 0.2093980848789215
epoch:00340 31.722769521943228 0.8981766056440307 0.20972216725349427
epoch:00341 31.660642577044940 0.8981021398288250 0.20938321053981782
epoch:00342 31.722455328757754 0.8977231457073469 0.20593147873878478
epoch:00343 31.747936242638406 0.8992295003484339 0.2089010149240494
epoch:00344 31.733596575765898 0.8982807001608496 0.21168985962867737
epoch:00345 31.730680263989050 0.8985326981917326 0.20891922414302827
epoch:00346 31.779747954403764 0.8987850843253552 0.2091214567422867
epoch:00347 31.708799913864585 0.8978723794439254 0.2051052674651146
epoch:00348 31.739471657982897 0.8987038666621100 0.20940053164958955
epoch:00349 31.714379566687180 0.8981928751056657 0.2079949975013733
epoch:00350 31.737237434482240 0.8983894080507875 0.21020528078079223
epoch:00351 31.747193375460654 0.8986327989645801 0.20903011858463288
epoch:00352 31.687666883862825 0.8982378412577952 0.2079120397567749
epoch:00353 31.627289342086794 0.8970048966472983 0.2105606436729431
epoch:00354 31.609198768505074 0.8972431581926834 0.21078039407730104
epoch:00355 31.619180973424466 0.8966561128484350 0.2119099974632263
epoch:00356 31.688115615948526 0.8977329079023020 0.21101820468902588
epoch:00357 31.698270211483667 0.8984774930400075 0.21035413742065429
epoch:00358 31.666394102906033 0.8977047565681303 0.21158961057662964
epoch:00359 31.742218683883713 0.8987143504926929 0.20950719118118286
epoch:00360 31.717932961667060 0.8981584468312125 0.20731478929519653
epoch:00361 31.695283694048335 0.8974914079375234 0.2114510565996170
epoch:00362 31.663585068129144 0.8976189830675331 0.21130782961845399
epoch:00363 31.660130700484540 0.8976970771024245 0.21052042543888091
epoch:00364 31.624187401364956 0.8969598606305608 0.21289748549461365
epoch:00365 31.718945028837720 0.8979009494459784 0.2061789631843567
epoch:00366 31.732252761158787 0.8986423109731165 0.20675981938838958
epoch:00367 31.697160875253587 0.8977898758023901 0.21098509430885315
epoch:00368 31.720758186370766 0.8990234537478861 0.20746484398841858
epoch:00369 31.709448504834654 0.8981496381849844 0.20767812728881835
epoch:00370 31.752188357637840 0.8987256582271073 0.20855652093887328
epoch:00371 31.684847838200085 0.8980527790893511 0.20814088582992554
epoch:00372 31.736068380322610 0.8984961544189873 0.20939891338348388
epoch:00373 31.684755198109166 0.8979700011539020 0.21084220707416534
epoch:00374 31.762231394968957 0.8994154583130424 0.20670437812805176
epoch:00375 31.685028703908850 0.8982188979112898 0.21058057844638825
epoch:00376 31.740156459933484 0.8980082392857305 0.20698384940624237
epoch:00377 31.757358464007154 0.8987348828294006 0.20912028551101686
epoch:00378 31.648793722430007 0.8976170327215657 0.2120546966791153
epoch:00379 31.736153944997880 0.8986849743910508 0.21109173595905303
epoch:00380 31.652132917051176 0.8973167359727368 0.21228295862674712
epoch:00381 31.766971910094696 0.8987725333797005 0.2088536113500595
epoch:00382 31.747540266240645 0.8982450546596678 0.2069468080997467
epoch:00383 31.724341380340878 0.8987849926002085 0.20771369636058806
epoch:00384 31.736168492807400 0.8987954848752537 0.21028924882411956
epoch:00385 31.704592763349910 0.8981374089550631 0.20764655768871307
epoch:00386 31.715430529294753 0.8981842600163306 0.2112326592206955
epoch:00387 31.766661068313578 0.8990731507033545 0.20893432199954987
epoch:00388 31.803509928267060 0.8996661131297271 0.2070176750421524
epoch:00389 31.751523796131770 0.8986347094410068 0.20912676751613618
epoch:00390 31.697827671835340 0.8977557138938941 0.20746717154979705
epoch:00391 31.794798311550245 0.8993663916222434 0.20879397988319398
epoch:00392 31.787469326904148 0.8987330371220494 0.20751579105854034
epoch:00393 31.782738986004137 0.8991492984770801 0.20747368931770324
epoch:00394 31.690045822368923 0.8982087491304128 0.20725056380033494
epoch:00395 31.781750415114420 0.8988626760591625 0.20652846544981002
epoch:00396 31.704985331343757 0.8982964793056410 0.2092088669538498
epoch:00397 31.777499613960250 0.8989211883472874 0.20615856051445008
epoch:00398 31.682493464336243 0.8981251514116332 0.21019090414047242
epoch:00399 31.730629738530705 0.8983322730573245 0.20824826061725615
epoch:00400 31.753529652350448 0.8988068423759440 0.20789420902729033
epoch:00401 31.731526948466190 0.8988482567754954 0.2093284845352173
epoch:00402 31.783745462126810 0.8993697483364551 0.20707643628120423
epoch:00403 31.671743903565840 0.8976821459732361 0.21207450926303864
epoch:00404 31.787068229778193 0.8992554666238121 0.20571983307600022
epoch:00405 31.762728745126100 0.8992512174062577 0.20720939636230468
epoch:00406 31.757004771335810 0.8990580673330755 0.20643603205680847
epoch:00407 31.732325727314247 0.8989719212079168 0.20886375308036803
epoch:00408 31.724677550694288 0.8981292306692312 0.20855810046195983
epoch:00409 31.784995289897410 0.8993019433343130 0.20773853957653046
epoch:00410 31.780740833101675 0.8996845040450555 0.20502390414476396
epoch:00411 31.760816934655463 0.8989562729977832 0.20840230882167815
epoch:00412 31.711240516672767 0.8983295176404094 0.20838712751865388
epoch:00413 31.754658456667215 0.8994094984384793 0.20479289889335633
epoch:00414 31.780290674059728 0.8994321672050335 0.2096957266330719
epoch:00415 31.785196286852603 0.8994955339385988 0.20742356181144714
epoch:00416 31.769903860861042 0.8993449437427937 0.2057231217622757
epoch:00417 31.685201730626442 0.8979144189481028 0.2076973259449005
epoch:00418 31.707378483217400 0.8984011250096063 0.2097369611263275
epoch:00419 31.741875059172674 0.8987566612546860 0.21102614104747772
epoch:00420 31.776382284404793 0.8997998624618493 0.20709990561008454
epoch:00421 31.751605914608433 0.8987372884376349 0.21097466945648194
epoch:00422 31.733263335265786 0.8987124406949614 0.20971916019916534
epoch:00423 31.788993976630913 0.8994266825332231 0.20659300088882446
epoch:00424 31.735721608210063 0.8992138606479380 0.20713517665863038
epoch:00425 31.699309162295656 0.8993022068616192 0.20665652453899383
epoch:00426 31.714273636673873 0.8981347996627635 0.2109675884246826
epoch:00427 31.723790806128886 0.8988017129834193 0.21007170677185058
epoch:00428 31.655502281145460 0.8971800789218365 0.21308155059814454
epoch:00429 31.726554184140223 0.8985736160856952 0.20896885693073272
epoch:00430 31.713952340794860 0.8980949004203673 0.21197619140148163
epoch:00431 31.710670249020280 0.8987486526023188 0.20817574560642244
epoch:00432 31.775536419755355 0.8992763812836907 0.20498731434345246
epoch:00433 31.751651698168807 0.8988801015806267 0.2101628601551056
epoch:00434 31.712319118573298 0.8990384589383014 0.20463004410266877
epoch:00435 31.747285207210230 0.8990126164019199 0.20786174535751342
epoch:00436 31.799298795248443 0.8995067089995675 0.2072052389383316
epoch:00437 31.780324475593915 0.8996330995422500 0.20627932548522948
epoch:00438 31.749459804251690 0.8995828976758421 0.20707629323005677
epoch:00439 31.804380764685230 0.8995777181231975 0.2066936343908310
epoch:00440 31.789536485268542 0.8995108016664386 0.20796917974948884
epoch:00441 31.778652659243573 0.9002868142885184 0.20717118978500365
epoch:00442 31.755733413378180 0.8989639478042986 0.2066329836845398
epoch:00443 31.796222078412040 0.8993952024241099 0.20632357895374298
epoch:00444 31.801648363519327 0.8994698706096518 0.2072221040725708
epoch:00445 31.845772275128972 0.9002152404433584 0.2074182689189911
epoch:00446 31.851071621204333 0.9005774407228590 0.2051897168159485
epoch:00447 31.769935914086368 0.8993626168516620 0.2075260192155838
epoch:00448 31.795325278043812 0.8997628958624141 0.20792848616838455
epoch:00449 31.780291080246930 0.8993006751116127 0.20625247955322265
epoch:00450 31.802440981452160 0.9001449579815824 0.2064095228910446
epoch:00451 31.787422830320157 0.8996625768564019 0.20943627655506133
epoch:00452 31.822058328983665 0.8996325262744277 0.20646593868732452
epoch:00453 31.775272638180270 0.8988100952559040 0.2039412811398506
epoch:00454 31.789219160478137 0.8987629494471949 0.20788072943687438
epoch:00455 31.818063892322947 0.8996681885190851 0.20639823079109193
epoch:00456 31.803778545115260 0.8994818102579814 0.20765913128852845
epoch:00457 31.832385258167960 0.8999517435949596 0.2075859248638153
epoch:00458 31.790507334834395 0.8995416587138247 0.20559372901916503
epoch:00459 31.802942598832990 0.9002985368552399 0.20317184627056123
epoch:00460 31.780244002159122 0.8989209742093183 0.20803773999214173
epoch:00461 31.761477696024468 0.8994057323399837 0.2070380985736847
epoch:00462 31.766943216442320 0.8996391181984620 0.2056122213602066
epoch:00463 31.805752982785407 0.8999360725356613 0.2065308451652527
epoch:00464 31.810430456335514 0.8997070632851305 0.20618274211883544
epoch:00465 31.837482824190523 0.9003742497122298 0.20662649273872374
epoch:00466 31.716712125757360 0.8987256444018877 0.21063655316829683
epoch:00467 31.736348839669603 0.8987417281558585 0.20810476541519166
epoch:00468 31.818281464751642 0.8998626129990417 0.20642732977867126
epoch:00469 31.772340591829686 0.8990517744370596 0.20921074450016022
epoch:00470 31.773287454117344 0.8994083555245218 0.2048222765326500
epoch:00471 31.820438452037298 0.9000393977461941 0.2052521675825119
epoch:00472 31.790777424836374 0.9000628333103222 0.20789417028427123
epoch:00473 31.781659087254774 0.9000885296167225 0.20554476976394653
epoch:00474 31.812701203817020 0.8999188495075259 0.20642848312854767
epoch:00475 31.796641999563303 0.8998961183040384 0.20739370286464692
epoch:00476 31.834499687087610 0.9000562236779925 0.20607884526252745
epoch:00477 31.830347398059313 0.9005599051030909 0.20712442696094513
epoch:00478 31.806579811748158 0.9003088404529580 0.20509814620018005
epoch:00479 31.854152582350460 0.9004316463061584 0.20630153119564057
epoch:00480 31.757808186843427 0.8988954655119533 0.20971029996871948
epoch:00481 31.853493663892447 0.9002317537979646 0.2076418772339821
epoch:00482 31.823313802661563 0.9004787619749756 0.20530254244804383
epoch:00483 31.854053465272955 0.9004422674280462 0.20489212572574617
epoch:00484 31.835625561112284 0.9001073335654182 0.20784166753292083
epoch:00485 31.767493867696125 0.8993067792759162 0.2044596940279007
epoch:00486 31.789127716915914 0.8997808408218739 0.20855672359466554
epoch:00487 31.843923385384450 0.9001689172198357 0.2060948371887207
epoch:00488 31.765125701872297 0.8991198914604579 0.20918597280979156
epoch:00489 31.841057752953418 0.9003918387461220 0.20538370907306672
epoch:00490 31.833350157217990 0.9001163369011331 0.20732951462268828
epoch:00491 31.842078031922803 0.9007631269116609 0.2075949490070343
epoch:00492 31.838384614921870 0.9001049995242720 0.20533014982938766
epoch:00493 31.819282950632548 0.9001011302475360 0.20757213085889817
epoch:00494 31.815810746673954 0.9002474625180230 0.20603879690170288
epoch:00495 31.796059141679780 0.8992048619872135 0.20512786656618118
epoch:00496 31.785092798190560 0.8996617197432659 0.20642158687114714
epoch:00497 31.851924657954793 0.9001812958442578 0.20551980435848236
epoch:00498 31.789043146875834 0.8996978578994659 0.20536981225013734
epoch:00499 31.857929250496010 0.9005170491976079 0.20577118545770645
epoch:00500 31.820349156528360 0.9006018309562019 0.20524456351995468
epoch:00501 31.797291010444876 0.8992408070499553 0.20821432769298553
epoch:00502 31.882332649771758 0.9003516306075777 0.2053137719631195
epoch:00503 31.850328577868275 0.9005644288602721 0.20530323982238768
epoch:00504 31.835816689420177 0.9002852154940530 0.2066155716776848
epoch:00505 31.764388802185030 0.8989188682396497 0.20810795724391937
epoch:00506 31.842637255766620 0.9005122341020242 0.20751295387744903
epoch:00507 31.862182888505930 0.9011224066267935 0.20469738245010377
epoch:00508 31.847228295230007 0.9005799798683615 0.2064170539379120
epoch:00509 31.821293294984166 0.9002566106490246 0.2056575298309326
epoch:00510 31.862637102715656 0.9006131853917548 0.20446708500385286
epoch:00511 31.823474189978914 0.9006470515193344 0.2067614436149597
epoch:00512 31.797368796229296 0.8998721461121875 0.20628469586372375
epoch:00513 31.775280468448575 0.8994180321529577 0.20746621191501619
epoch:00514 31.812797219245045 0.8993923802191649 0.2080151468515396
epoch:00515 31.862378460784090 0.9004602414459688 0.2064585030078888
epoch:00516 31.831680296949970 0.9003402266481757 0.20704956948757172
epoch:00517 31.841390313159696 0.8999056268999357 0.20776184499263764
epoch:00518 31.862935861080054 0.9003684513129062 0.20699843466281892
epoch:00519 31.827179548939817 0.8999280532668850 0.20609783977270127
epoch:00520 31.857820773846765 0.9005000298198433 0.2082740157842636
epoch:00521 31.780623166223080 0.9000071672225893 0.20596376359462737
epoch:00522 31.802716079681403 0.8996773538172969 0.20709721148014068
epoch:00523 31.804877271662995 0.8998607564435721 0.20584943592548371
epoch:00524 31.815364038291484 0.9000817825959274 0.2077040970325470
epoch:00525 31.793945293517186 0.8999273045797140 0.20847777128219605
epoch:00526 31.830079317067458 0.9006920287105764 0.20425141751766204
epoch:00527 31.779972308585258 0.8994164964595708 0.2093333989381790
epoch:00528 31.853407660695380 0.9005117974719541 0.2070285528898239
epoch:00529 31.833050623602010 0.9003002773641742 0.20372027903795242
epoch:00530 31.842529978212724 0.9003870059941447 0.20582548677921295
epoch:00531 31.857429587758503 0.9004817382778413 0.20674988627433777
epoch:00532 31.843657527451295 0.9004112941747990 0.2038293242454529
epoch:00533 31.813308306235832 0.9001148065555281 0.2048744887113571
epoch:00534 31.823710666819164 0.9002843450526736 0.2087988942861557
epoch:00535 31.846731793698968 0.9001790965158731 0.20555060356855392
epoch:00536 31.878069924320850 0.9005063888778129 0.2068416327238083
epoch:00537 31.813128214965370 0.8994456407739116 0.20914002060890197
epoch:00538 31.909079020253690 0.9013178020825174 0.20451351702213288
epoch:00539 31.816377776840977 0.9001003001566751 0.20813812613487243
epoch:00540 31.864831920922500 0.9010210325493150 0.20526744276285172
epoch:00541 31.889430145891880 0.9008523786046710 0.20536416471004487
epoch:00542 31.791615116171540 0.8995726791406433 0.2081995576620102
epoch:00543 31.866026220584864 0.9005916910700232 0.2053791344165802
epoch:00544 31.866647603104810 0.9005295950669294 0.20507484823465347
epoch:00545 31.813989320814166 0.8999593716105408 0.20697765052318573
epoch:00546 31.814165319947563 0.8999282334863340 0.20706922709941863
epoch:00547 31.853386129058975 0.9000570450287700 0.2037722200155258
epoch:00548 31.853824176128380 0.9003853773038865 0.20652600526809692
epoch:00549 31.771458898920294 0.8992427040493179 0.20729029476642608
epoch:00550 31.831167689360143 0.9007191590090697 0.20414459705352783
epoch:00551 31.864069601747843 0.9007553481163996 0.2047058343887329
epoch:00552 31.778268270465986 0.8987709482990816 0.20888910293579102
epoch:00553 31.850803734625806 0.9002606596747654 0.20382046699523926
epoch:00554 31.821715963455933 0.8998539837427069 0.2077765405178070
epoch:00555 31.899107605845995 0.9011222981077098 0.20568794012069702
epoch:00556 31.861486915250918 0.9006501791070839 0.20549933910369872
epoch:00557 31.863793791958074 0.9009249399893768 0.2071206182241440
epoch:00558 31.868602306839790 0.9006704816961042 0.20616801977157592
epoch:00559 31.893451427640070 0.9010214829192520 0.20576989352703096
epoch:00560 31.882764318981913 0.9008074404585299 0.2066604346036911
epoch:00561 31.898819230111740 0.9008243086858714 0.20319350808858871
epoch:00562 31.907636797315206 0.9013024358280258 0.20409696996212007
epoch:00563 31.886965620561188 0.9008583252625610 0.20735748559236528
epoch:00564 31.893359692794450 0.9009455153444812 0.20551282167434692
epoch:00565 31.807784593860436 0.9001962147477501 0.20505411326885223
epoch:00566 31.876326084034610 0.9004203348779012 0.20641408413648604
epoch:00567 31.835820718773032 0.9003664978794614 0.20627815425395965
epoch:00568 31.871277206369246 0.9007420027281121 0.20568153262138367
epoch:00569 31.885696796512537 0.9009115855855562 0.2052173763513565
epoch:00570 31.877015632271660 0.9009396327239452 0.20369044542312623
epoch:00571 31.833931086564327 0.9004202980133819 0.20561922192573548
epoch:00572 31.886375429420344 0.9007494353988978 0.20550993978977203
epoch:00573 31.861645502265540 0.9007303575843413 0.2074924439191818
epoch:00574 31.931033890653033 0.9012364228237626 0.20455863773822786
epoch:00575 31.850563791751785 0.9008329834214038 0.20632616579532623
epoch:00576 31.892053700151400 0.9013068466199556 0.2039575159549713
epoch:00577 31.864780303994216 0.9004295066825495 0.20659128725528716
epoch:00578 31.905706511306953 0.9010266412290318 0.20473073720932006
epoch:00579 31.910272596874620 0.9015075792114560 0.2052194967865944
epoch:00580 31.833515784901817 0.9005418033745476 0.20769180804491044
epoch:00581 31.811755629346350 0.9005081323133615 0.2062901735305786
epoch:00582 31.826988756011893 0.9004757259138996 0.20711097717285157
epoch:00583 31.868889775607585 0.9003783502194782 0.20474384725093842
epoch:00584 31.859962838068963 0.9010157187115115 0.20583071261644365
epoch:00585 31.821882993329684 0.9006174820043611 0.20437095761299134
epoch:00586 31.876615465508053 0.9010583109179773 0.20535904467105864
epoch:00587 31.874348924037452 0.9009943414863528 0.2059197187423706
epoch:00588 31.822368448752183 0.9001345928210842 0.20680822134017945
epoch:00589 31.845191720036360 0.9009968503574210 0.20403450429439546
epoch:00590 31.910784210070506 0.9013592215082484 0.20569004714488984
epoch:00591 31.887531002793956 0.9005720031336104 0.20575109124183655
epoch:00592 31.890825081290238 0.9011949879281994 0.2061221867799759
epoch:00593 31.894842266023694 0.9009659001601618 0.20517913550138472
epoch:00594 31.883040083500077 0.9010524491806464 0.20712583959102632
epoch:00595 31.864852876358450 0.9011703749440123 0.20609433352947235
epoch:00596 31.911064793390910 0.9013135624312009 0.20529110431671144
epoch:00597 31.867044882437340 0.9007882121059083 0.20363036543130875
epoch:00598 31.877548631738556 0.9006316208911093 0.20667316913604736
epoch:00599 31.932355051359470 0.9009767689754270 0.2050403833389282
epoch:00600 31.880002606486197 0.9008154842424213 0.20225369036197663
epoch:00601 31.869036715866155 0.9003591562089023 0.2065274029970169
epoch:00602 31.874367864946200 0.9005759101455183 0.20824110954999925
epoch:00603 31.904023397991390 0.9012629546566904 0.20634258687496185
epoch:00604 31.864521522655544 0.9007322063644679 0.2053258925676346
epoch:00605 31.898548750481325 0.9012691272451159 0.2056382864713669
epoch:00606 31.864647174436320 0.9008542455107877 0.20663198679685593
epoch:00607 31.906053626033753 0.9012011564997696 0.20599497109651566
epoch:00608 31.869418300813400 0.9006566159355562 0.2050659790635109
epoch:00609 31.884324287991234 0.9006790966243983 0.20730553567409515
epoch:00610 31.872067822552150 0.9007606311411726 0.20646723806858064
epoch:00611 31.884172880145400 0.9010253410451549 0.2024856001138687
epoch:00612 31.833141528277014 0.8998835598066142 0.20819074809551238
epoch:00613 31.900522808352584 0.9013988514845099 0.2050851732492447
epoch:00614 31.856182500376217 0.9007426961180641 0.20690777599811555
epoch:00615 31.899001812415560 0.9011164163367175 0.20485962331295013
epoch:00616 31.913285285402747 0.9015499717804003 0.20502225756645204
epoch:00617 31.893926242496480 0.9008418909280002 0.2054119348526001
epoch:00618 31.915805843794864 0.9010489603658364 0.20598371624946593
epoch:00619 31.842986434424823 0.9011717437378032 0.20186496078968047
epoch:00620 31.871895532029185 0.9011605697314536 0.20593367367982865
epoch:00621 31.910114146016390 0.9015602995301059 0.20436935722827912
epoch:00622 31.887028993495770 0.9005066319634143 0.20700921416282653
epoch:00623 31.865176292522783 0.9007245224198408 0.20592281073331833
epoch:00624 31.938195722217140 0.9015337220026799 0.20392033606767654
epoch:00625 31.887688168750582 0.9010943507296059 0.20587247163057326
epoch:00626 31.879765515273740 0.9011701163973503 0.20521823167800904
epoch:00627 31.906846506840463 0.9012459489582142 0.20565408766269683
epoch:00628 31.896990826063423 0.9011504019289613 0.20346486270427705
epoch:00629 31.966010592585924 0.9018569675593092 0.20551376342773436
epoch:00630 31.838749847885015 0.9006739284130889 0.2039468392729759
epoch:00631 31.919626330044412 0.9013430801306803 0.20441122353076935
epoch:00632 31.856843115378240 0.9008137913946689 0.20529418140649797
epoch:00633 31.913261280482494 0.9013967329236637 0.2049216642975807
epoch:00634 31.931893417140678 0.9015241357003265 0.2042297303676605
epoch:00635 31.896563883205772 0.9010379327854146 0.2052788943052292
epoch:00636 31.886992641693496 0.9010306722588160 0.2034969300031662
epoch:00637 31.924950706146284 0.9012980103205130 0.20385518968105315
epoch:00638 31.931894645733728 0.9017564730993053 0.2050236478447914
epoch:00639 31.836108389673710 0.9001323027267608 0.2083149343729019
epoch:00640 31.917039043072226 0.9013117137145337 0.20655326098203658
epoch:00641 31.830309378649265 0.9002380613525061 0.2084262639284134
epoch:00642 31.898068739639616 0.9012290049802198 0.2049807757139206
epoch:00643 31.890519559703886 0.9008883141643645 0.20510304272174834
epoch:00644 31.923272141700856 0.9013978946411212 0.20366934835910797
epoch:00645 31.915962370957250 0.9015103744342067 0.20353006273508073
epoch:00646 31.872136004041245 0.9012574677438083 0.20442816168069838
epoch:00647 31.898279794924356 0.9009019375288612 0.2053713470697403
epoch:00648 31.942154858226495 0.9019150475341735 0.2027026444673538
epoch:00649 31.897549381822376 0.9005996723068194 0.20082724392414092
epoch:00650 31.952208318859200 0.9015625455182649 0.20615441650152205
epoch:00651 31.920056552723730 0.9017214441117559 0.20389260202646256
epoch:00652 31.940295554245175 0.9014602244262792 0.2013237088918686
epoch:00653 31.906080650613980 0.9016594377387968 0.20429248213768006
epoch:00654 31.907676343665457 0.9010447738185619 0.20672468096017838
epoch:00655 31.926627818821988 0.9016193478717970 0.20543804466724397
epoch:00656 31.929723926697630 0.9014428285932826 0.2047076016664505
epoch:00657 31.917651728196110 0.9016195521172975 0.20395089983940123
epoch:00658 31.879324335393978 0.9011053435253242 0.20436560809612275
epoch:00659 31.878504639051602 0.9015290958187586 0.20341806560754777
epoch:00660 31.952716212453260 0.9018728519114433 0.20516590178012847
epoch:00661 31.877552215501247 0.9007983349853802 0.20681363046169282
epoch:00662 31.887429494573205 0.9012695994399174 0.2069063663482666
epoch:00663 31.923511544273616 0.9010245915913965 0.2045934408903122
epoch:00664 31.963315194087773 0.9019999681443819 0.20357438623905183
epoch:00665 31.931493647280610 0.9017193414690962 0.20423313081264496
epoch:00666 31.957213955902944 0.9018545739568031 0.20265423655509948
epoch:00667 31.893225153129343 0.9012237730005243 0.20399662256240844
epoch:00668 31.910353180354186 0.9011222995677877 0.20399296134710312
epoch:00669 31.923216329146406 0.9017427322924707 0.20401616096496583
epoch:00670 31.944125364486230 0.9021545557732867 0.2032670110464096
epoch:00671 31.872185311889304 0.9009748341549557 0.20588099360466003
epoch:00672 31.921892766465163 0.9016395987323060 0.2047911360859871
epoch:00673 31.924991092223387 0.9015191732316815 0.2054475113749504
epoch:00674 31.932621543638998 0.9013191824423277 0.20250414907932282
epoch:00675 31.946682781071870 0.9016137746967294 0.2053397148847580
epoch:00676 31.866414125894730 0.9010352254876370 0.20669500529766083
epoch:00677 31.930769443488725 0.9017344521289434 0.2054741770029068
epoch:00678 31.909346645383960 0.9013101944361874 0.2059050679206848
epoch:00679 31.916232367231594 0.9013851139799207 0.20259439647197724
epoch:00680 31.907746127562746 0.9014853793100164 0.20398675203323363
epoch:00681 31.869913348799145 0.9006214614345900 0.20587020516395568
epoch:00682 31.920140020917170 0.9013116598989372 0.20561083853244783
epoch:00683 31.947330519812397 0.9018641185015828 0.2042835071682930
epoch:00684 31.931619263944690 0.9017023734811571 0.20533036887645723
epoch:00685 31.913680964443266 0.9009911832906881 0.2040091872215271
epoch:00686 31.935668937816570 0.9014729431247026 0.20529845654964446
epoch:00687 31.926267898707330 0.9014399136855460 0.20686708986759186
epoch:00688 31.922560553343080 0.9011533666720647 0.20425417125225068
epoch:00689 31.941713701375942 0.9017561552811089 0.2044038161635399
epoch:00690 31.948700248228100 0.9015373850451540 0.20590492188930512
epoch:00691 31.952152343135980 0.9016342450063768 0.2052270919084549
epoch:00692 31.893559254597770 0.9015191279115351 0.20659942626953126
epoch:00693 31.909335620494215 0.9016993482196316 0.2032664179801941
epoch:00694 31.920871565115710 0.9018850918839064 0.20349373370409013
epoch:00695 31.932763705401772 0.9013678700435331 0.20660163313150406
epoch:00696 31.942421937965076 0.9016749977756369 0.20424254536628722
epoch:00697 31.933698317475810 0.9015148561136355 0.20540081858634948
epoch:00698 31.935971300404738 0.9016916416055167 0.20500052869319915
epoch:00699 31.945723553698720 0.9019771258113751 0.20535633862018585
epoch:00700 31.915433394031385 0.9010055098814063 0.20826756209135056
epoch:00701 31.962840206827188 0.9019013785579360 0.20414161384105683
epoch:00702 31.939424935109543 0.9012145674132677 0.20649926662445067
epoch:00703 31.918789425369333 0.9014425248433113 0.2041901469230652
epoch:00704 31.923677504996324 0.9015098937019446 0.20343589782714844
epoch:00705 31.965290090468734 0.9022913860077377 0.2054232567548752
epoch:00706 31.978100490679964 0.9023178087174356 0.20463484823703765
epoch:00707 31.926086963832113 0.9018156756486011 0.20463889539241792
epoch:00708 31.934681410824140 0.9016728957649717 0.20349733531475067
epoch:00709 31.934478491698435 0.9014470628626338 0.2032725676894188
epoch:00710 31.950012127204264 0.9015038307860748 0.2049362003803253
epoch:00711 31.974325939289220 0.9023779128320740 0.2040278971195221
epoch:00712 31.960867588790700 0.9025229717482827 0.2048177868127823
epoch:00713 31.964364106681433 0.9017550936958605 0.2065659373998642
epoch:00714 31.917755097413334 0.9013609430600484 0.20520161390304564
epoch:00715 31.942441390393594 0.9019901789933525 0.20384780019521714
epoch:00716 31.963417119958060 0.9017629677754420 0.20478228628635406
epoch:00717 31.892818092111764 0.9011730425535053 0.20320519655942917
epoch:00718 31.934320222001247 0.9012761714810530 0.20495353937149047
epoch:00719 31.977291801110983 0.9021871504387915 0.20383742451667786
epoch:00720 31.949508102727698 0.9019949366102015 0.20401112735271454
epoch:00721 31.915759531048945 0.9014169664309509 0.20295460522174835
epoch:00722 31.939510776198716 0.9014848654527683 0.20273857414722443
epoch:00723 31.880403491438727 0.9015118243115573 0.20458458513021469
epoch:00724 31.943377057241218 0.9015227782947720 0.2052436277270317
epoch:00725 31.870337034543354 0.9012336333497466 0.20255067348480224
epoch:00726 31.952263121029310 0.9017965955818863 0.2033429205417633
epoch:00727 31.936852176537286 0.9018266674595591 0.2033701643347740
epoch:00728 31.960595147917150 0.9024494157473008 0.20308212637901307
epoch:00729 31.928644523067305 0.9016055546352304 0.20803546905517578
epoch:00730 31.938171720173365 0.9017837055361009 0.20532458424568176
epoch:00731 31.951771651551184 0.9014561695081718 0.20579197704792024
epoch:00732 31.919446996969590 0.9015107666425818 0.20401729941368102
epoch:00733 31.926071700598860 0.9016200186090255 0.20535497069358827
epoch:00734 31.947972436374993 0.9015651348408371 0.20516823530197142
epoch:00735 31.864803791139273 0.9007486901131958 0.20339333713054658
epoch:00736 31.956861478789847 0.9019740725550693 0.20303988456726074
epoch:00737 31.987965869400153 0.9024091420458170 0.20353069603443147
epoch:00738 31.868685470421696 0.9003754130926518 0.20660628080368043
epoch:00739 31.945473230059850 0.9019812533208856 0.2041913628578186
epoch:00740 31.936016680033397 0.9018549076895723 0.20493343770503997
epoch:00741 31.973355853624450 0.9021434660744809 0.20449258536100387
epoch:00742 31.946918944883503 0.9019453216101420 0.20498278737068176
epoch:00743 31.891969150645840 0.9002978622155287 0.20906796902418137
epoch:00744 31.975682904569464 0.9022438131710697 0.20245591849088668
epoch:00745 31.986875033243860 0.9025929631852747 0.20288650393486024
epoch:00746 31.934852164912524 0.9018722477968127 0.2034143775701523
epoch:00747 31.970090660538197 0.9020559938781704 0.2035225048661232
epoch:00748 31.886620272114328 0.9009345866309653 0.20713832825422288
epoch:00749 31.936704517939510 0.9019175488675435 0.2052968978881836
epoch:00750 31.839100886383030 0.9004478549884775 0.20673055052757264
epoch:00751 31.943284975643290 0.9017761734214919 0.20491707026958467
epoch:00752 31.959462683017712 0.9016547026937174 0.20599416196346282
epoch:00753 31.957134589820930 0.9021481102622205 0.20437297523021697
epoch:00754 31.983985774181313 0.9024189042524574 0.20367176979780197
epoch:00755 31.967941160938630 0.9021111399731367 0.20571157932281495
epoch:00756 31.937985883745500 0.9016495093690668 0.20450507700443268
epoch:00757 31.975241217089128 0.9022483854053964 0.20409533232450486
epoch:00758 31.971407267139206 0.9022772066260701 0.20400007963180541
epoch:00759 31.954583923505368 0.9018078909382276 0.2053426980972290
epoch:00760 31.964580171986626 0.9016236678323370 0.20468737185001373
epoch:00761 31.990729821870456 0.9023672745201496 0.20388829410076142
epoch:00762 31.942608243582896 0.9015812325625763 0.2056339293718338
epoch:00763 31.945576098711864 0.9015718394284328 0.20759924948215486
epoch:00764 31.952931654357700 0.9024454759188705 0.20479806363582612
epoch:00765 31.870903155501907 0.9009872699566156 0.20668367594480513
epoch:00766 31.982240673616094 0.9023507162903026 0.20312970280647277
epoch:00767 31.973761034245598 0.9025258470427591 0.2039472743868828
epoch:00768 31.949158457293386 0.9019933734249694 0.20419542789459227
epoch:00769 31.970031530909590 0.9022984491559700 0.2022574335336685
epoch:00770 31.963379757216120 0.9019850296141542 0.20418294072151183
epoch:00771 31.899819218698800 0.9012447001310097 0.2048039823770523
epoch:00772 31.940929307242100 0.9024069145629475 0.2021802082657814
epoch:00773 32.001127850716856 0.9022715754865807 0.20510421097278594
epoch:00774 31.982678614209390 0.9024960442941872 0.20331231355667115
epoch:00775 31.935560612615006 0.9014833048603579 0.20431401431560517
epoch:00776 32.010794850077750 0.9023524161736199 0.2024862289428711
epoch:00777 31.947109550329124 0.9022600257850508 0.20362583845853804
epoch:00778 31.949497417623360 0.9017231542271202 0.20601851493120193
epoch:00779 31.942778440965560 0.9016662907642097 0.20496715903282164
epoch:00780 31.992043148594700 0.9021070792192182 0.20324943959712982
epoch:00781 31.962841250519810 0.9017291973152618 0.20505218505859374
epoch:00782 31.968581948279148 0.9018082259749193 0.20458718836307527
epoch:00783 31.965148866133518 0.9020599302632635 0.2050715059041977
epoch:00784 31.958194461506356 0.9016163429761465 0.20340559333562852
epoch:00785 31.995892704789856 0.9022779603619228 0.20450984686613083
epoch:00786 31.947360010073690 0.9014042675883074 0.20754750967025756
epoch:00787 31.995942209154748 0.9022001400905211 0.20266592502593994
epoch:00788 31.930636292892824 0.9012274561835285 0.20442767888307573
epoch:00789 31.961615013109082 0.9014936545589359 0.20510275065898895
epoch:00790 32.007817115391795 0.9021724785490308 0.20319147557020187
epoch:00791 31.990568242774696 0.9021980591998817 0.2033965378999710
epoch:00792 31.979589924535038 0.9022539257900732 0.2042321413755417
epoch:00793 31.927438260264285 0.9011980177222656 0.2039697140455246
epoch:00794 32.021859863658975 0.9022860658066163 0.20402874052524567
epoch:00795 31.974350899739807 0.9024966078796932 0.20253250300884246
epoch:00796 32.000554999999310 0.9027076953145649 0.20405629575252532
epoch:00797 31.984869518635783 0.9020985563014217 0.20199825763702392
epoch:00798 31.984049459240715 0.9021929372533055 0.2048861026763916
epoch:00799 31.998656068121726 0.9025433557032831 0.20407538414001464
epoch:00800 31.921870559029390 0.9014613287873295 0.2053523391485214
epoch:00801 31.996180967073684 0.9025960088441914 0.20245413035154342
epoch:00802 31.917223386104915 0.9010372317588315 0.20623405575752257
epoch:00803 31.990148703507806 0.9025195974075378 0.20367755889892578
epoch:00804 31.951801022962684 0.9019107839164008 0.2055306166410446
epoch:00805 31.911722597508030 0.9015975874602363 0.2046216368675232
epoch:00806 32.014691237672240 0.9025963744571934 0.20233728885650634
epoch:00807 32.008770223473380 0.9028530992276662 0.20212797522544862
epoch:00808 31.975222478637455 0.9020931616479530 0.2041994273662567
epoch:00809 32.003294340714945 0.9022672863727760 0.20397185981273652
epoch:00810 31.954063804137000 0.9019443246402108 0.20251088440418244
epoch:00811 31.995983943528223 0.9024251227686338 0.2036833092570305
epoch:00812 31.993972356831524 0.9025650169922492 0.20276728719472886
epoch:00813 31.926858152106046 0.9014107288517609 0.2047480896115303
epoch:00814 31.997180692490424 0.9021648474489383 0.20507461577653885
epoch:00815 31.942504752716292 0.9016107235692875 0.20483415722846984
epoch:00816 32.005188935517566 0.9026431086929498 0.20396315753459932
epoch:00817 32.028216168049410 0.9027080757909461 0.2026218906044960
epoch:00818 31.969335757651030 0.9021458028623689 0.20354148447513581
epoch:00819 31.925576109269333 0.9019163453235100 0.20159996151924134
epoch:00820 31.954087193020598 0.9020774018901676 0.20392596423625947
epoch:00821 31.939761663302512 0.9014427757824433 0.2034849762916565
epoch:00822 31.984377530806093 0.9022466835585050 0.20542230308055878
epoch:00823 31.957862499502028 0.9020337906689591 0.20468625128269197
epoch:00824 31.998026207159597 0.9026131351364530 0.2030440717935562
epoch:00825 31.992636480763270 0.9025967444833727 0.20293741524219513
epoch:00826 31.978766082165457 0.9023815941931289 0.20276127457618714
epoch:00827 32.020865842376594 0.9029662420601511 0.2018226072192192
epoch:00828 31.996306727847230 0.9026536863515678 0.2016354411840439
epoch:00829 31.926977792539105 0.9015389439035939 0.2056054323911667
epoch:00830 31.996178857633500 0.9028589935061081 0.2032720446586609
epoch:00831 31.976666728421794 0.9022372879325010 0.2022769957780838
epoch:00832 32.027838085710850 0.9027407369093078 0.20225270688533784
epoch:00833 31.983453394697598 0.9023510645663867 0.20344257354736328
epoch:00834 31.994556158102064 0.9023634802194737 0.2024988055229187
epoch:00835 32.006341170517680 0.9026047989830388 0.20405733287334443
epoch:00836 31.993552102169980 0.9020066001821867 0.2056082695722580
epoch:00837 32.046086391663600 0.9028658493367372 0.20287882089614867
epoch:00838 31.977551123191994 0.9019037189111125 0.20552678257226945
epoch:00839 32.017547630122830 0.9021469424266384 0.20360645055770873
epoch:00840 32.016402061267990 0.9027814418319288 0.20248831659555436
epoch:00841 31.952158165788482 0.9018090730004340 0.20462559759616852
epoch:00842 32.005195333967706 0.9026694058002181 0.20424464344978333
epoch:00843 32.004993607680035 0.9026104301090797 0.20360899567604065
epoch:00844 31.951793209598815 0.9017486038517644 0.20357284247875213
epoch:00845 32.011526049733290 0.9023896541881558 0.20347254276275634
epoch:00846 31.973341715362790 0.9020246308427012 0.20269304811954497
epoch:00847 32.043671741723315 0.9030973111201266 0.20238906145095825
epoch:00848 32.032760016680200 0.9025636507953747 0.20361513793468475
epoch:00849 32.014570447069910 0.9024180651147556 0.20519471019506455
epoch:00850 32.017015078947510 0.9023970008033123 0.20458506941795349
epoch:00851 32.022961488308410 0.9028944807506132 0.20172766745090484
epoch:00852 32.035163517534590 0.9027822150930545 0.20250336229801177
epoch:00853 32.005106377457230 0.9025790302824361 0.20234143733978271
epoch:00854 31.971075001888800 0.9018180340274278 0.20397142618894576
epoch:00855 32.018624593972670 0.9025218866635878 0.20375421941280364
epoch:00856 32.014107834216740 0.9024297066355654 0.20362588465213777
epoch:00857 32.024377949488155 0.9027147735500318 0.2028272867202759
epoch:00858 31.983697493073883 0.9023416735685927 0.20234648287296295
epoch:00859 31.990492699126300 0.9019214651892021 0.20350036919116973
epoch:00860 31.980413157476796 0.9025195104548704 0.20348994731903075
epoch:00861 32.038317085827010 0.9030749433389331 0.20248411893844603
epoch:00862 31.994547557186387 0.9022522468134255 0.20355961918830873
epoch:00863 31.971034114736586 0.9022914263320450 0.20283952951431275
epoch:00864 31.992901674426456 0.9024297303576352 0.20128226429224014
epoch:00865 31.965627930454180 0.9020088831335757 0.20473793894052505
epoch:00866 31.990545411154500 0.9020621005838461 0.20575933158397675
epoch:00867 31.973505820679044 0.9017655898281477 0.2051219016313553
epoch:00868 31.967012040211877 0.9020110312499682 0.20384472012519836
epoch:00869 32.014387608192450 0.9028009975971882 0.20324811935424805
epoch:00870 32.024910552933235 0.9025093986316948 0.20269465446472168
epoch:00871 32.024440362435610 0.9025368200130879 0.2022675335407257
epoch:00872 31.986757545220303 0.9022064436802729 0.2053831323981285
epoch:00873 32.001433021967070 0.9028240545683961 0.20183499157428741
epoch:00874 32.001295594564010 0.9024559099855145 0.2014355480670929
epoch:00875 31.987169615178410 0.9027995107278135 0.19969481974840164
epoch:00876 32.017432881866334 0.9027567582302094 0.20305859446525573
epoch:00877 32.039566728287280 0.9029842638539032 0.20266849994659425
epoch:00878 32.021969701273600 0.9028853631011124 0.20364071130752565
epoch:00879 32.022697140611854 0.9025705112024669 0.2042100340127945
epoch:00880 31.987820319162477 0.9022714107190819 0.20314996540546418
epoch:00881 31.993812485868410 0.9025530801142031 0.20338742136955262
epoch:00882 32.001468236316070 0.9025304693985408 0.20301734805107116
epoch:00883 32.005116886491480 0.9023602540659272 0.20383516550064087
epoch:00884 32.033240506151290 0.9028544972272545 0.20224046260118483
epoch:00885 31.981024425454830 0.9021830627550507 0.2045656993985176
epoch:00886 31.951019784658150 0.9017421297955070 0.20578323006629945
epoch:00887 32.002067174432106 0.9025175104201992 0.2036956638097763
epoch:00888 31.997001519064230 0.9023054776979673 0.2044102281332016
epoch:00889 31.986131260372304 0.9025362146251468 0.20415135025978087
epoch:00890 32.000797336775015 0.9023243497176880 0.20507028698921204
epoch:00891 32.006774934403250 0.9027565580713313 0.2030618220567703
epoch:00892 32.015932050867430 0.9024959782911424 0.20403977036476134
epoch:00893 32.035199510821930 0.9026408635514770 0.20467932522296906
epoch:00894 32.000670425797370 0.9023519290785901 0.2027610272169113
epoch:00895 31.997111079992060 0.9024532566295228 0.20440507531166077
epoch:00896 31.996226977785920 0.9024180831191385 0.20402002036571504
epoch:00897 31.983116132775160 0.9024178553353762 0.20163985788822175
epoch:00898 31.999869077715317 0.9027492037680436 0.20263875722885133
epoch:00899 32.038332497547350 0.9027363900604879 0.20332517027854918
epoch:00900 32.038151032669490 0.9028331828560390 0.20403187572956086
epoch:00901 32.004180761267760 0.9023200510262397 0.2033921241760254
epoch:00902 32.048900711038684 0.9030149689462572 0.20328801572322847
epoch:00903 31.990112738831026 0.9023115125257087 0.20350514054298402
epoch:00904 31.971961218364118 0.9022467632997675 0.20476583689451217
epoch:00905 32.009731494056360 0.9026444612780077 0.20174189805984497
epoch:00906 32.016851600907096 0.9022965118526987 0.20304056107997895
epoch:00907 32.023164414507500 0.9029522234539730 0.20309490263462066
epoch:00908 32.020539443305110 0.9027800952161094 0.20467874109745027
epoch:00909 32.020964439870760 0.9029838781399937 0.20260098427534104
epoch:00910 32.003999880247626 0.9022729921055637 0.20476837158203126
epoch:00911 32.007366547127150 0.9027753379079199 0.20277824103832245
epoch:00912 32.019528767800445 0.9024689176460937 0.20296488404273988
epoch:00913 32.022758603878195 0.9027707003255067 0.2027967482805252
epoch:00914 31.979547370784196 0.9018938958328746 0.20295700430870056
epoch:00915 32.014343332059700 0.9028192239127769 0.20407765507698059
epoch:00916 31.981742230062770 0.9017772634555138 0.20557153820991517
epoch:00917 32.026861355184390 0.9026780898420185 0.20318457186222078
epoch:00918 32.018606984054585 0.9024488835250823 0.20330636203289032
epoch:00919 31.952532828827167 0.9019183969431979 0.20450929999351503
epoch:00920 32.032027690091340 0.9024153314458949 0.2040374234318733
epoch:00921 32.017392018750150 0.9026886190065699 0.2033886194229126
epoch:00922 31.970366781933542 0.9016791990667163 0.20401871651411058
epoch:00923 31.992107110363786 0.9022806953314874 0.20469164997339248
epoch:00924 32.009635878673620 0.9025183904471928 0.20422804057598115
epoch:00925 32.016013178683340 0.9026495093423567 0.2037467896938324
epoch:00926 32.005703857055590 0.9024478906837328 0.2038768619298935
epoch:00927 32.004834974387016 0.9026895521116330 0.20398149490356446
epoch:00928 31.982843079856640 0.9025255537076587 0.2030508726835251
epoch:00929 32.012224718446220 0.9024124319042789 0.2032919079065323
epoch:00930 32.047753769940490 0.9032092728785447 0.20135924816131592
epoch:00931 32.010549565694376 0.9026360524907225 0.20277776271104814
epoch:00932 32.026058613803250 0.9029612527133638 0.20133553296327591
epoch:00933 31.978503205509820 0.9025246797197506 0.20472365617752075
epoch:00934 31.977247296033504 0.9021279699165697 0.20583613961935043
epoch:00935 31.966292062562170 0.9016733582523970 0.20622410327196122
epoch:00936 32.032224939884730 0.9026385408296587 0.2042279288172722
epoch:00937 32.037878515361300 0.9029235854059345 0.2041182443499565
epoch:00938 32.039883831346934 0.9029199655517047 0.2034297451376915
epoch:00939 32.053426029912150 0.9032195120310839 0.2008258193731308
epoch:00940 32.007324606209934 0.9027157441430960 0.20312816500663758
epoch:00941 32.010496114396254 0.9022815039596775 0.2033187448978424
epoch:00942 32.028318657992870 0.9026506409639158 0.20436397045850754
epoch:00943 32.050240720563120 0.9031928609968745 0.20145074278116226
epoch:00944 32.020380115794204 0.9028634232246464 0.20190056264400483
epoch:00945 32.058726880659790 0.9028383407311349 0.20319150090217591
epoch:00946 32.039656658710655 0.9025714520976035 0.2057969406247139
epoch:00947 32.023973982116370 0.9026326174627988 0.20280565023422242
epoch:00948 32.022390902307060 0.9027271760808844 0.2045742616057396
epoch:00949 31.989961802956714 0.9016438278247361 0.20738777071237563
epoch:00950 31.989130425587900 0.9022807906280608 0.20417221635580063
epoch:00951 32.035724935381820 0.9025275346346700 0.20352568328380585
epoch:00952 32.040807670822610 0.9031442914985235 0.20353512316942216
epoch:00953 32.014143351786870 0.9028169391163093 0.20288581997156144
epoch:00954 32.042475671507820 0.9027797764380981 0.2028491809964180
epoch:00955 31.969029183335180 0.9017199918608837 0.20554844737052919
epoch:00956 32.005992698004110 0.9025046466584697 0.20376859456300736
epoch:00957 32.025042477351360 0.9029563581012979 0.2030115693807602
epoch:00958 32.025750473714410 0.9027573149408141 0.20138664543628693
epoch:00959 32.025832445634710 0.9025765336530490 0.20328026115894318
epoch:00960 32.018055977778330 0.9027044615698567 0.20264926850795745
epoch:00961 32.024440490469530 0.9026122631227300 0.2039798155426979
epoch:00962 32.015569224899316 0.9022890149215259 0.20457768738269805
epoch:00963 32.051773670974320 0.9030625644162292 0.2041207194328308
epoch:00964 32.062329404259465 0.9029583528244369 0.20260934233665467
epoch:00965 32.029181117844146 0.9025061085524276 0.20259821712970733
epoch:00966 32.026929788164280 0.9023048255942167 0.20358034819364548
epoch:00967 32.075746157573840 0.9033563661109134 0.20182513296604157
epoch:00968 32.024892227529214 0.9029790615295127 0.20230990946292876
epoch:00969 32.037419958131100 0.9030037576883805 0.20234260708093643
epoch:00970 32.041716892131870 0.9028744611358910 0.2034516528248787
epoch:00971 32.044613822596530 0.9029284401760236 0.20354166775941848
epoch:00972 32.055093339298070 0.9030685039980790 0.20245683193206787
epoch:00973 32.062957194340530 0.9030843289934042 0.2031468152999878
epoch:00974 32.053362431592010 0.9029784071318133 0.20306221544742584
epoch:00975 32.022062178437060 0.9027590485857564 0.20351457446813584
epoch:00976 32.047422718970060 0.9031000265431899 0.20186403691768645
epoch:00977 32.050489284938380 0.9029004572769544 0.20433570593595504
epoch:00978 32.001907954942716 0.9027838745193730 0.20254956185817719
epoch:00979 32.035095674449380 0.9031452515222556 0.20252671986818313
epoch:00980 32.032588933130670 0.9026597759709686 0.20553267896175384
epoch:00981 32.024674568036204 0.9029468656715002 0.20256859809160233
epoch:00982 32.062061380550320 0.9032423473275708 0.20286783576011658
epoch:00983 32.038438909519880 0.9026890921476390 0.20289451032876968
epoch:00984 32.009933844722920 0.9023890223250961 0.20421753823757172
epoch:00985 32.027526285409510 0.9028650859596267 0.20200468897819518
epoch:00986 32.030236864361900 0.9031264043314504 0.2025718867778778
epoch:00987 32.064065611682030 0.9029427199701476 0.2031428784132004
epoch:00988 32.054870627562500 0.9032313791587420 0.20170111656188966
epoch:00989 32.011921473407440 0.9027354488379862 0.20281469374895095
epoch:00990 32.054541851005480 0.9031815568070807 0.20281119644641876
epoch:00991 32.049645658325076 0.9030598473860623 0.20312745571136476
epoch:00992 32.067861000185380 0.9033222967124459 0.20379253178834916
epoch:00993 32.042396119405886 0.9030754521768255 0.20359832644462586
epoch:00994 32.023885066189614 0.9028300298099478 0.20281615257263183
epoch:00995 32.028276395671310 0.9030188730703257 0.20245911478996276
epoch:00996 32.041663258311090 0.9031613391825090 0.20327264368534087
epoch:00997 31.989721499159117 0.9025359361642824 0.2043166995048523
epoch:00998 32.008128133473654 0.9024162133363977 0.20487140864133835
epoch:00999 32.034921511708160 0.9030549295215448 0.20342891812324523
epoch:01000 32.042022913876636 0.9029013395282787 0.20215200632810593
epoch:01001 32.009306157423325 0.9027310148384975 0.20321761667728425
epoch:01002 32.025542119165060 0.9026353937791788 0.20363992899656297
epoch:01003 32.047512026687244 0.9029868486444916 0.2028116375207901
epoch:01004 32.039520200538384 0.9027445399656916 0.20326655060052873
epoch:01005 32.004939918897485 0.9024810864511277 0.20488544702529907
epoch:01006 32.045760615821344 0.9030534566376180 0.20331481397151946
epoch:01007 32.012653726905484 0.9025143315393885 0.20413217395544053
epoch:01008 32.019517442099710 0.9027907089783387 0.20257357656955718
epoch:01009 32.085799720438830 0.9034388045835222 0.2026363879442215
epoch:01010 32.043919663729110 0.9029343114534459 0.20163443982601165
epoch:01011 32.042501011582930 0.9026943706246218 0.2036231890320778
epoch:01012 32.026690988347084 0.9025685749675073 0.2034249186515808
epoch:01013 31.983746524197890 0.9025221339848717 0.20514363646507264
epoch:01014 32.073880141259150 0.9034123268598808 0.2033832088112831
epoch:01015 32.055233368434630 0.9030763220187037 0.20351338386535645
epoch:01016 31.966179314448800 0.9018934591829719 0.20522977262735367
epoch:01017 32.088784350377360 0.9031861643738749 0.20264073610305786
epoch:01018 32.050400675235970 0.9029832581240841 0.2031625509262085
epoch:01019 32.049991741436260 0.9029522834880510 0.20246668308973312
epoch:01020 32.040443406378394 0.9030956711488495 0.20224329829216003
epoch:01021 32.051985295709560 0.9031250897870565 0.2020553708076477
epoch:01022 32.062886214721345 0.9031954846444858 0.20284150540828705
epoch:01023 32.058119016038410 0.9030150820805931 0.20319846868515015
epoch:01024 32.046818380547030 0.9029245616857209 0.20390020459890365
epoch:01025 32.060804160416790 0.9036146822484940 0.2016719326376915
epoch:01026 32.000368597080310 0.9024213055119887 0.2020665690302849
epoch:01027 32.081836641559790 0.9034707211678473 0.20282488465309143
epoch:01028 32.026418641502700 0.9027706832279394 0.20323672592639924
epoch:01029 32.069064359938270 0.9031934165870013 0.20269910991191864
epoch:01030 32.059433323056760 0.9036080452857241 0.20151339769363402
epoch:01031 32.028869338609404 0.9025817518285887 0.2044571101665497
epoch:01032 32.043912900089154 0.9028103896836978 0.20193231254816055
epoch:01033 32.025772799926000 0.9028066127729831 0.2032775968313217
epoch:01034 32.063583178989470 0.9030513969902272 0.20324077159166337
epoch:01035 32.047686349442200 0.9031306515921124 0.20342033803462983
epoch:01036 32.065449113888256 0.9036009981029316 0.20208971500396727
epoch:01037 32.046184170484740 0.9027279357994866 0.20305622071027757
epoch:01038 32.037221940603940 0.9030222479576755 0.20425311774015426
epoch:01039 32.044322813223330 0.9031485545671742 0.20120265185832978
epoch:01040 32.052586340100035 0.9029649533242408 0.20313734859228133
epoch:01041 32.063709117714030 0.9030087700902516 0.2022489607334137
epoch:01042 32.021690123735695 0.9025177358216702 0.20534639209508895
epoch:01043 32.057224107817690 0.9029159622205892 0.20221859514713286
epoch:01044 32.069851906057910 0.9031918581109760 0.20300634503364562
epoch:01045 32.057774236895020 0.9031087231172487 0.20384762287139893
epoch:01046 32.088179945277560 0.9033361020929027 0.2029501199722290
epoch:01047 32.036244218078660 0.9027887711126914 0.2042631536722183
epoch:01048 32.023077572518740 0.9024977521754552 0.20313892811536788
epoch:01049 32.018571047984395 0.9022883847689146 0.20437184274196624
epoch:01050 32.051930819837200 0.9030756206316124 0.20257269740104675
epoch:01051 32.030003178865464 0.9027036413983055 0.2037137359380722
epoch:01052 32.032550715988960 0.9030140149423442 0.2032082349061966
epoch:01053 32.053129535003380 0.9030804895735336 0.2043796956539154
epoch:01054 32.062159211342860 0.9032212637741273 0.20335978120565415
epoch:01055 32.069268382636680 0.9030865728426567 0.20462018251419067
epoch:01056 32.004243452679475 0.9025260428502042 0.20381926447153093
epoch:01057 32.039974259380310 0.9030193195548332 0.20352842211723327
epoch:01058 32.034339724343330 0.9025735347242403 0.20485874265432358
epoch:01059 32.081211635690110 0.9034620587449809 0.20260106027126312
epoch:01060 32.085200581642330 0.9033276386248605 0.20269499123096466
epoch:01061 32.027090168732730 0.9030734993334629 0.2037216991186142
epoch:01062 32.071376704435850 0.9032541677773720 0.20304515361785888
epoch:01063 32.064656951301230 0.9030928020676040 0.20276685655117035
epoch:01064 32.058699580139330 0.9032541044854069 0.20236044824123384
epoch:01065 32.039849888213396 0.9030069940221672 0.2037133425474167
epoch:01066 32.068409476892780 0.9033017024862605 0.20294493436813354
epoch:01067 32.037182929404540 0.9026675639054492 0.20538586378097534
epoch:01068 32.049067931099245 0.9031500099972822 0.20360398292541504
epoch:01069 32.030852889882890 0.9030930869921624 0.20241867303848265
epoch:01070 32.070840450330010 0.9031881328499647 0.20288189202547074
epoch:01071 32.060429357744800 0.9033499754263079 0.2026013344526291
epoch:01072 32.099531368123415 0.9038450858895098 0.2023959219455719
epoch:01073 32.072688023921540 0.9036583367678916 0.20234462916851043
epoch:01074 32.070319619359750 0.9033609452219465 0.20275061279535295
epoch:01075 32.041925927545520 0.9029523415702807 0.2025329738855362
epoch:01076 32.048066742944386 0.9029792340005468 0.20315833687782286
epoch:01077 32.042756694348880 0.9034068286477897 0.2024189352989197
epoch:01078 32.079889738863066 0.9033861399431118 0.20337785482406617
epoch:01079 32.074846992891440 0.9033899649435281 0.20397124141454698
epoch:01080 32.097159120208424 0.9036452265644715 0.20245291590690612
epoch:01081 32.052092985477410 0.9030926159460992 0.20312817990779877
epoch:01082 32.068775535515115 0.9033427633870522 0.20287543535232544
epoch:01083 32.052700643819010 0.9033916607118865 0.20304235965013503
epoch:01084 32.074510446562200 0.9035615578506293 0.20314325094223024
epoch:01085 32.053631942865124 0.9033935756002764 0.2022998183965683
epoch:01086 32.053951669756074 0.9034020858054633 0.20164765864610673
epoch:01087 32.063687268150545 0.9033811197576386 0.20239925384521484
epoch:01088 32.053684076643990 0.9030953984460661 0.2018152430653572
epoch:01089 32.055582563048440 0.9031881461387290 0.20122016668319703
epoch:01090 31.989916208427230 0.9022365665781592 0.20529071390628814
epoch:01091 32.037706179816290 0.9027628175151452 0.20368917882442475
epoch:01092 32.072995439713750 0.9032109245133622 0.20381888449192048
epoch:01093 32.068308326778094 0.9031793398851970 0.20341598689556123
epoch:01094 32.059348328979090 0.9031690378702709 0.20285433381795884
epoch:01095 32.073758771495530 0.9031778303830273 0.20304883569478988
epoch:01096 32.086674013830900 0.9033078602585715 0.20278337597846985
epoch:01097 32.038745646775220 0.9030389062350854 0.20215618312358857
epoch:01098 32.067261278886100 0.9031523737101745 0.20370372533798217
epoch:01099 32.075983131269744 0.9031777362885698 0.20259917974472047
epoch:01100 32.057719577225610 0.9031514813816310 0.20345686972141266
epoch:01101 32.061026058175590 0.9030154511758648 0.2039469525218010
epoch:01102 32.034111417332255 0.9024495681580950 0.20422253608703614
epoch:01103 32.096667570457114 0.9037129579491239 0.2026636242866516
epoch:01104 32.046522864789490 0.9029143569399982 0.2039580225944519
epoch:01105 32.037031721211136 0.9027267173222103 0.2037411332130432
epoch:01106 32.047199091411740 0.9028649595295045 0.20333847105503083
epoch:01107 32.065301468202435 0.9033320882995364 0.20305004417896272
epoch:01108 32.068130784218510 0.9031611439874142 0.2027406781911850
epoch:01109 32.054731160014500 0.9032670867283497 0.20168222934007646
epoch:01110 32.094988192447420 0.9036155235214738 0.2033146232366562
epoch:01111 32.065069690988670 0.9034999239376218 0.20212366282939911
epoch:01112 32.088159897332980 0.9036776502473591 0.2027601718902588
epoch:01113 32.071652620067570 0.9035873920519497 0.20192137062549592
epoch:01114 32.102079790787656 0.9035379351907151 0.20337491035461425
epoch:01115 32.081592649506376 0.9037844132255032 0.20121548771858216
epoch:01116 32.044189616714860 0.9030521231949802 0.20281933844089509
epoch:01117 32.074528923684895 0.9033696520676070 0.20260385870933534
epoch:01118 32.073698071353874 0.9032511040375549 0.2019954055547714
epoch:01119 32.063388105930630 0.9033325682887317 0.2016998142004013
epoch:01120 32.072771550257166 0.9030900834472769 0.20390795320272445
