epoch:00001 20.736859327806844 0.4574770921823271 0.6341546177864075
epoch:00002 22.940416873770243 0.5762331448216316 0.5788551568984985
epoch:00003 24.383410818632182 0.6522272166688655 0.5303041458129882
epoch:00004 25.159207658846004 0.6901255186211819 0.5019617021083832
epoch:00005 26.082383731059803 0.7297504944148288 0.4547402560710907
epoch:00006 26.571805642948060 0.7540699231738245 0.4203275263309479
epoch:00007 27.282263951847064 0.7739086442202023 0.3925838112831116
epoch:00008 27.315118690092838 0.7793945610524482 0.3720040261745453
epoch:00009 27.832684643041695 0.7947384149781683 0.3421820938587189
epoch:00010 28.068284107102578 0.8039976493608805 0.3266996622085571
epoch:00011 28.258361587121193 0.8097441957208800 0.3171285927295685
epoch:00012 28.310790432066295 0.8167676058167732 0.3048806548118591
epoch:00013 28.576994354062958 0.8220207636495346 0.2951125741004944
epoch:00014 28.663599407894065 0.8236757952516323 0.2943299263715744
epoch:00015 28.829516415205358 0.8299073509029101 0.28747954666614534
epoch:00016 28.906727727662656 0.8287138921178352 0.2837043523788452
epoch:00017 28.958941934986342 0.8326256413113624 0.28215647041797637
epoch:00018 28.959985804934412 0.8349066779888787 0.2836011052131653
epoch:00019 29.002672926347362 0.8354874025428890 0.2819354921579361
epoch:00020 28.514802192001447 0.8348132483392268 0.2819774687290192
epoch:00021 29.090368554235575 0.8375869614985245 0.28156536221504214
epoch:00022 29.011819082509760 0.8374971605068326 0.28177136480808257
epoch:00023 29.082943211287954 0.8390681467817103 0.2824442148208618
epoch:00024 29.164818177618592 0.8395956893037309 0.28033875226974486
epoch:00025 29.161114857398210 0.8417005074373728 0.2826119601726532
epoch:00026 29.209326029200678 0.8416136025435454 0.2815919041633606
epoch:00027 29.091122677517966 0.8412554146336543 0.2789731502532959
epoch:00028 29.297124018612795 0.8438562940288261 0.27937262654304507
epoch:00029 29.314969426777747 0.8447095647291132 0.2820284038782120
epoch:00030 29.362697403352000 0.8466091438303526 0.27853100597858427
epoch:00031 29.253411200400700 0.8476719105379573 0.27841777801513673
epoch:00032 29.454924974355976 0.8495092680225553 0.27768526077270506
epoch:00033 29.515292281313380 0.8501763233139320 0.27632818222045896
epoch:00034 29.555563719189202 0.8510646170032887 0.27250325083732607
epoch:00035 29.574779976114495 0.8531646383420288 0.2722637772560120
epoch:00036 29.620072042723013 0.8547936496830110 0.26987812519073484
epoch:00037 29.749310798478028 0.8566982130569795 0.2667469561100006
epoch:00038 29.758305628390097 0.8575484314813473 0.2652681380510330
epoch:00039 29.813817492127107 0.8591415151560572 0.26374916434288026
epoch:00040 29.832655273780620 0.8591153638358472 0.2611891835927963
epoch:00041 29.827889831295373 0.8593496306257260 0.2570140749216080
epoch:00042 29.923315647698267 0.8625764513859032 0.2589175045490265
epoch:00043 29.946412237210403 0.8631413464264174 0.25765827894210813
epoch:00044 29.967234225135020 0.8627473980677864 0.2535744160413742
epoch:00045 29.958354469092410 0.8643848425094927 0.25657276511192323
epoch:00046 30.046217918643322 0.8653270440826297 0.2555514693260193
epoch:00047 30.029942791790140 0.8651737749178174 0.2549383074045181
epoch:00048 30.101756653829504 0.8659946558039703 0.25133526623249053
epoch:00049 30.142423443811253 0.8675285694425184 0.2505027115345001
epoch:00050 30.137849286692852 0.8667625336221352 0.2498849093914032
epoch:00051 30.128910472392570 0.8673028610971227 0.24681834876537323
epoch:00052 30.051943091135280 0.8661784074613852 0.24823941588401793
epoch:00053 30.111412616537980 0.8662931795248902 0.2495323270559311
epoch:00054 30.150952623269045 0.8686900075003203 0.24856356978416444
epoch:00055 30.181037549648988 0.8690984387707961 0.2474313497543335
epoch:00056 30.195017071438650 0.8702271095857151 0.2472408652305603
epoch:00057 30.246831389702740 0.8709232325262836 0.2456705927848816
epoch:00058 30.331527694911443 0.8709933276143527 0.24013903141021728
epoch:00059 30.180153946362758 0.8700677978675362 0.2477209448814392
epoch:00060 30.194298647067210 0.8711262973741359 0.2415739268064499
epoch:00061 30.343721953443910 0.8720716597372699 0.2431080162525177
epoch:00062 30.356068673667483 0.8720812485934164 0.24141800701618193
epoch:00063 30.221691176181130 0.8716048017500914 0.24026460945606232
epoch:00064 30.428193006041475 0.8738172207333026 0.23871794939041138
epoch:00065 30.402764674281890 0.8736209369727825 0.2391393095254898
epoch:00066 30.399329165109982 0.8735025881147310 0.23696716129779816
epoch:00067 30.447914413427622 0.8742637040639320 0.23843427896499633
epoch:00068 30.481020287046505 0.8754070356295214 0.23944253623485565
epoch:00069 30.409779381288956 0.8739826475085597 0.2393297076225281
epoch:00070 30.486730017478585 0.8750805950128203 0.2357738971710205
epoch:00071 30.364357864371630 0.8770310217836436 0.23628924489021302
epoch:00072 30.528821477417750 0.8765469931873916 0.2359144628047943
epoch:00073 30.492885974371160 0.8763479158342721 0.23433127701282502
epoch:00074 30.589578202418675 0.8772425084849772 0.2344909280538559
epoch:00075 30.485412810908542 0.8752485281340439 0.23589888215065002
epoch:00076 30.548148940545467 0.8774143411556212 0.2325643390417099
epoch:00077 30.557722109618510 0.8771458150850571 0.23420692086219788
epoch:00078 30.595572536213478 0.8775954134379296 0.2331484556198120
epoch:00079 30.578620853445880 0.8773963589695203 0.2371136426925659
epoch:00080 30.660825554022995 0.8779467979373490 0.2273248553276062
epoch:00081 30.505601570254242 0.8759407348057827 0.2361891210079193
epoch:00082 30.637334406559840 0.8789007733711968 0.23133516907691956
epoch:00083 30.657601010700944 0.8797220258242741 0.23272466361522676
epoch:00084 30.665469307711720 0.8792746772636736 0.23070149421691893
epoch:00085 30.692334523355590 0.8798487198161687 0.22970792651176453
epoch:00086 30.646594166589370 0.8799533385350236 0.22936944663524628
epoch:00087 30.704352129936530 0.8802757586569646 0.23100169003009796
epoch:00088 30.747754463425544 0.8817980581548899 0.22616369128227234
epoch:00089 30.732901310003330 0.8798575362402173 0.22575971484184265
epoch:00090 30.700128295564810 0.8797062171767905 0.2313104599714279
epoch:00091 30.759545698735515 0.8804154771292836 0.22770318686962127
epoch:00092 30.624458739091978 0.8794252070016144 0.22726596593856813
epoch:00093 30.665863703826215 0.8802493595037022 0.2322538822889328
epoch:00094 30.764364163303220 0.8811005524271598 0.22758410573005677
epoch:00095 30.730933004018947 0.8805707518161254 0.2304139792919159
epoch:00096 30.786113922248706 0.8821195197222146 0.22819825112819672
epoch:00097 30.835580740212805 0.8824116064518288 0.2279708445072174
epoch:00098 30.701409669917886 0.8791415371120331 0.22844384014606475
epoch:00099 30.834506330714190 0.8829006719948577 0.22605018317699432
epoch:00100 30.816397167844617 0.8819712484734635 0.22746025621891022
epoch:00101 30.679053403840932 0.8830083316609084 0.2262460857629776
epoch:00102 30.885392446471712 0.8838633542168679 0.22505033910274505
epoch:00103 30.838176476760160 0.8830635838118324 0.22646465003490449
epoch:00104 30.790967403504965 0.8815591439369946 0.22232285439968108
epoch:00105 30.913778135005135 0.8837169199968624 0.2241222769021988
epoch:00106 30.795212740400974 0.8841807500315039 0.22449613511562347
epoch:00107 30.756603713286540 0.8813119644992756 0.2274343490600586
epoch:00108 30.911363353353400 0.8839574913919825 0.22527032792568208
epoch:00109 30.880126830613290 0.8834645846484707 0.22442274391651154
epoch:00110 30.859922870360542 0.8834748142046422 0.22300609052181244
epoch:00111 30.937434835315695 0.8851853738042468 0.2235989600419998
epoch:00112 30.789253051253763 0.8818036951805828 0.22537148594856263
epoch:00113 30.899992744073806 0.8845434592896876 0.22657832503318787
epoch:00114 30.874440740724545 0.8848632041740301 0.22550733685493468
epoch:00115 30.939538143485002 0.8848286667892171 0.22223321497440338
epoch:00116 30.988672775492960 0.8853002148957705 0.22209627628326417
epoch:00117 30.782756084151735 0.8829905569929970 0.22775992453098298
epoch:00118 30.980456850855100 0.8857787749934362 0.22314361929893495
epoch:00119 30.951665626693483 0.8847901109303005 0.22434342205524443
epoch:00120 30.994678569399685 0.8857071118231291 0.22215294539928437
epoch:00121 30.960984734258357 0.8841950294084470 0.2146543264389038
epoch:00122 31.002528731374063 0.8855991019974070 0.21907569766044616
epoch:00123 30.951277684120230 0.8843652893175724 0.21865337193012238
epoch:00124 31.027439807844340 0.8870005807610439 0.22171517610549926
epoch:00125 30.954642614921873 0.8860036588074298 0.22132327556610107
epoch:00126 31.083938401435272 0.8872821934816368 0.2196295052766800
epoch:00127 30.946782732374010 0.8845617030567944 0.22440191805362703
epoch:00128 31.053825118506957 0.8864973469296658 0.21762377619743348
epoch:00129 31.005842241438963 0.8862667115173473 0.2222796380519867
epoch:00130 31.095899389827878 0.8877379276127761 0.22013127207756042
epoch:00131 31.094167137745380 0.8875569270144068 0.22017906308174134
epoch:00132 30.995612938231382 0.8868317935766565 0.22086145281791686
epoch:00133 31.071008969510130 0.8871739759572197 0.22103513181209564
epoch:00134 31.086632239445970 0.8875946020591883 0.22095299065113067
epoch:00135 31.076227936743912 0.8882325993674994 0.2186341255903244
epoch:00136 31.134896129057587 0.8889975949933037 0.21799422800540924
epoch:00137 31.084029509784955 0.8882267614408323 0.21921174824237824
epoch:00138 31.101949587845148 0.8883637765286050 0.21861584186553956
epoch:00139 31.123123291751803 0.8883711775574008 0.2175614982843399
epoch:00140 31.161615907976190 0.8889070087020704 0.2151741564273834
epoch:00141 31.129885852488506 0.8883346832875452 0.21479094326496123
epoch:00142 31.174025506116940 0.8889493304444704 0.2182987928390503
epoch:00143 31.145039949772077 0.8890494280042345 0.21601070165634156
epoch:00144 31.126402015701295 0.8882366912619087 0.21471580266952514
epoch:00145 31.089812777463493 0.8876522843524388 0.2207027018070221
epoch:00146 31.141082278446724 0.8889075527741953 0.21626293957233428
epoch:00147 31.101746277587267 0.8877645484390664 0.2196021169424057
epoch:00148 31.121269027860173 0.8887682541121267 0.2208010733127594
epoch:00149 31.191130238081843 0.8892332807123665 0.21639542281627655
epoch:00150 31.184621283370340 0.8889695576373804 0.2154690682888031
epoch:00151 31.187611386885738 0.8897560377327170 0.21739220321178437
epoch:00152 31.183482573155110 0.8889707704935862 0.21380785405635833
epoch:00153 31.155979135618242 0.8883366811721025 0.21762917637825013
epoch:00154 31.113391543028712 0.8879056711037135 0.22012606263160706
epoch:00155 31.226557853527094 0.8898448384614730 0.21626709401607513
epoch:00156 31.132619944087730 0.8887562135562476 0.22043463587760925
epoch:00157 31.168084801110847 0.8888423311782336 0.21762627065181733
epoch:00158 31.072053959883647 0.8874896633808838 0.2205003410577774
epoch:00159 31.144577008840646 0.8897024124513703 0.21163179576396943
epoch:00160 31.227757857313385 0.8894878054137040 0.2140818029642105
epoch:00161 31.160694912690207 0.8891269168774804 0.22177413403987883
epoch:00162 31.216807201104040 0.8896854128261114 0.21775610148906707
epoch:00163 31.246460353207745 0.8902611717950879 0.21229758262634277
epoch:00164 31.247575145582566 0.8897069512605935 0.2144181489944458
epoch:00165 31.262862018342087 0.8905606770847599 0.21398910582065583
epoch:00166 31.248040255166670 0.8893237116125657 0.21356800198554993
epoch:00167 31.245934177497965 0.8901278944316552 0.21828987300395966
epoch:00168 31.303183144748495 0.8918748887830062 0.2147588849067688
epoch:00169 31.299064357040493 0.8913389281356162 0.2180794894695282
epoch:00170 31.274192770044003 0.8906222524926845 0.21596840023994446
epoch:00171 31.298345813070465 0.8912719722883402 0.2105989545583725
epoch:00172 31.283290916393746 0.8916143596777323 0.21386759281158446
epoch:00173 31.305660687476074 0.8918323474085110 0.21541284322738646
epoch:00174 31.261465637390130 0.8906494259427878 0.21778954267501832
epoch:00175 31.347335406166074 0.8919437144621412 0.21393346786499023
epoch:00176 31.330869215795520 0.8920134746307790 0.21618230640888214
epoch:00177 31.372061536751765 0.8921974533330619 0.21472975015640258
epoch:00178 31.336030366302065 0.8925149213554497 0.21194077432155609
epoch:00179 31.264297319143520 0.8904959761047501 0.2184873491525650
epoch:00180 31.366736611052414 0.8920779218430781 0.21308721899986266
epoch:00181 31.299407545158907 0.8910140266861776 0.21813807785511016
epoch:00182 31.305752751260530 0.8920871176320835 0.2152364045381546
epoch:00183 31.325972966064217 0.8920431698609645 0.21569791436195374
epoch:00184 31.305399876758760 0.8913561429233440 0.21594275832176207
epoch:00185 31.367136083326745 0.8916653506516715 0.21289007365703583
epoch:00186 31.338311236855883 0.8915009016907124 0.21078964173793793
epoch:00187 31.341823727992516 0.8924640196206208 0.21545698046684264
epoch:00188 31.342311699451965 0.8916982314340404 0.21421509981155396
epoch:00189 31.342237390067737 0.8914839652100983 0.2105377972126007
epoch:00190 31.361473473098805 0.8926835735516017 0.2149167388677597
epoch:00191 31.393422734708764 0.8926688803175835 0.21195241212844848
epoch:00192 31.389892031610450 0.8928900402919329 0.21356978714466096
epoch:00193 31.382400955823720 0.8930735014940533 0.21383898556232453
epoch:00194 31.357505897031140 0.8928871325117012 0.21254594326019288
epoch:00195 31.352473800507177 0.8926272186331159 0.21213583052158355
epoch:00196 31.396160901556875 0.8930503242164839 0.2130866080522537
epoch:00197 31.414961789858374 0.8938670165807056 0.21250345706939697
epoch:00198 31.316502270235230 0.8925161569585798 0.21553462445735933
epoch:00199 31.387441763842105 0.8924939641042389 0.2140749901533127
epoch:00200 31.433532320785410 0.8932149597525643 0.21213412582874297
epoch:00201 31.395988397604004 0.8932097004528649 0.2145294129848480
epoch:00202 31.358704757471777 0.8925035066430581 0.2128947138786316
epoch:00203 31.401296105073992 0.8926807305903399 0.2148722767829895
epoch:00204 31.359914928138455 0.8924352611729219 0.21472689807415007
epoch:00205 31.388446387265798 0.8919226464872965 0.21365751922130585
epoch:00206 31.395418279861133 0.8932825436389891 0.2122726172208786
epoch:00207 31.351670988453110 0.8922942203673060 0.21641311943531036
epoch:00208 31.420504827451293 0.8934287795471582 0.2133646637201309
epoch:00209 31.415685840248890 0.8937289702809398 0.2114761531352997
epoch:00210 31.365866112085655 0.8926418319125002 0.21355974972248076
epoch:00211 31.406439787201970 0.8934647943071818 0.21456582844257355
epoch:00212 31.464957237106272 0.8939982630577937 0.21283628940582275
epoch:00213 31.460556278925633 0.8940302382147383 0.2133251816034317
epoch:00214 31.350362270416404 0.8919819151543698 0.2136310726404190
epoch:00215 31.418925655947305 0.8936079077284411 0.21297081112861632
epoch:00216 31.388688098835864 0.8938816401567525 0.20988492369651796
epoch:00217 31.414522651143706 0.8939459490273240 0.21032707393169403
epoch:00218 31.452146744358560 0.8940231951034369 0.21200473606586456
epoch:00219 31.480502435590843 0.8938558669024808 0.21272621750831605
epoch:00220 31.417842929914997 0.8925014288453920 0.2104099929332733
epoch:00221 31.430855012283530 0.8939443747434707 0.2128467381000519
epoch:00222 31.425031889843886 0.8930277623670426 0.2102605879306793
epoch:00223 31.424628285772098 0.8935357136999741 0.2144290655851364
epoch:00224 31.443601162115250 0.8938329807443169 0.21284457445144653
epoch:00225 31.385984454566845 0.8933097529228415 0.21682715713977813
epoch:00226 31.414263198361800 0.8935031854601080 0.2127775102853775
epoch:00227 31.484187536176442 0.8943326318327707 0.21006231606006623
epoch:00228 31.457582461395283 0.8940598832953122 0.21397701501846314
epoch:00229 31.313501345182782 0.8919840235173998 0.21576624512672424
epoch:00230 31.414933054106463 0.8937750838316095 0.21461013853549957
epoch:00231 31.426370491831996 0.8941097995958115 0.21198703944683076
epoch:00232 31.479197699781230 0.8945804739683630 0.21316816210746764
epoch:00233 31.479105624223060 0.8945259927213401 0.21117250621318817
epoch:00234 31.479214910358410 0.8942731536706200 0.21262408792972565
epoch:00235 31.459275754164207 0.8941154017826936 0.21186267733573913
epoch:00236 31.515314974388737 0.8948210284919751 0.2116285115480423
epoch:00237 31.429248012215330 0.8937764373440971 0.21278691291809082
epoch:00238 31.518504064718370 0.8950974595040266 0.21125489473342896
epoch:00239 31.516910306206192 0.8943253232000398 0.2079589068889618
epoch:00240 31.463134527717955 0.8944689255765615 0.2097705453634262
epoch:00241 31.512142018031500 0.8951690371615733 0.2086455285549164
epoch:00242 31.480329552550252 0.8951027826841422 0.21000779569149017
epoch:00243 31.496651351310316 0.8940637720211173 0.2074077010154724
epoch:00244 31.500349277579907 0.8950395743355924 0.21252589225769042
epoch:00245 31.398026496880284 0.8931992755659707 0.21688686609268187
epoch:00246 31.492218972166050 0.8945281894166015 0.2115445077419281
epoch:00247 31.518750939734650 0.8950533747803748 0.2119940549135208
epoch:00248 31.432959560608130 0.8944775064896653 0.20787964165210723
epoch:00249 31.499151673969273 0.8953107286714077 0.2120480477809906
epoch:00250 31.424441644515923 0.8938002251977233 0.20919206738471985
epoch:00251 31.534275469715915 0.8954925175768551 0.20914060175418853
epoch:00252 31.456050368516685 0.8939403034188318 0.21552277207374573
epoch:00253 31.498152190436010 0.8951112939605397 0.21297807097434998
epoch:00254 31.505647715642766 0.8938024755543067 0.21089293658733368
epoch:00255 31.476337584338390 0.8946580181245818 0.2138161301612854
epoch:00256 31.478832825206077 0.8945410445688815 0.2105607956647873
epoch:00257 31.490975254835170 0.8945944893929033 0.21107904613018036
epoch:00258 31.506226086980625 0.8949102680538588 0.21267424523830414
epoch:00259 31.546352942189905 0.8952745699457332 0.21068150103092192
epoch:00260 31.516234629524570 0.8954266413677701 0.21302325427532195
epoch:00261 31.498866179133323 0.8951859023951464 0.2098213642835617
epoch:00262 31.412831260073506 0.8939383869985542 0.21335746943950654
epoch:00263 31.574438750877373 0.8955852370921633 0.21128860116004944
epoch:00264 31.549938146097610 0.8953725210473571 0.2116764396429062
epoch:00265 31.508927253798305 0.8944460991605407 0.20885854363441467
epoch:00266 31.575274102328102 0.8955838244540708 0.20949224531650543
epoch:00267 31.549277100426934 0.8958689868765018 0.21092448830604554
epoch:00268 31.527847163428742 0.8948680402508684 0.20832276046276094
epoch:00269 31.474474872639007 0.8939470723600973 0.20834550261497498
epoch:00270 31.573904255347195 0.8956510302100261 0.21123140752315522
epoch:00271 31.529411330862030 0.8949355970577830 0.21159681677818298
epoch:00272 31.588788728081948 0.8959201170851461 0.20868297219276427
epoch:00273 31.512223546418873 0.8955649462156318 0.21278075873851776
epoch:00274 31.489482770361832 0.8950585203082658 0.2115800052881241
epoch:00275 31.598375718125480 0.8958942351500057 0.21177152395248414
epoch:00276 31.588221556467907 0.8960779852235392 0.2103168934583664
epoch:00277 31.550666145076870 0.8959308885019205 0.2106128990650177
epoch:00278 31.611057544948814 0.8963550093625197 0.21011242866516114
epoch:00279 31.499961569442796 0.8951494533353813 0.2137299120426178
epoch:00280 31.477569661013490 0.8951552781106020 0.2111816108226776
epoch:00281 31.627987887400450 0.8963413586356959 0.21029493808746338
epoch:00282 31.517541291054947 0.8957422942266339 0.21055886745452881
epoch:00283 31.590136853999077 0.8959976405450562 0.2122085154056549
epoch:00284 31.559267002002127 0.8957567762329248 0.20881042778491973
epoch:00285 31.602581637162210 0.8963545936326932 0.21011128425598144
epoch:00286 31.565273229046095 0.8955983320495978 0.21179794073104857
epoch:00287 31.582817379987432 0.8960788678343736 0.20882077813148497
epoch:00288 31.578822204766006 0.8958152286508237 0.21034680902957917
epoch:00289 31.571677177874770 0.8964234611577624 0.20871206223964692
epoch:00290 31.572671742147140 0.8960548907021874 0.21297271847724913
epoch:00291 31.540572944973850 0.8951321119219772 0.21335937678813935
epoch:00292 31.619058323446033 0.8966077461526776 0.2106197804212570
epoch:00293 31.586725975675783 0.8960255155810437 0.21147426068782807
epoch:00294 31.573193975016324 0.8961425526548690 0.20796407461166383
epoch:00295 31.570192111859058 0.8961107924080206 0.2111376404762268
epoch:00296 31.610109274978220 0.8964649684759420 0.21106990575790405
epoch:00297 31.541699809602733 0.8958437100137315 0.2123143345117569
epoch:00298 31.629966227873734 0.8967207406189512 0.20875928103923796
epoch:00299 31.576791397126748 0.8961327083748373 0.2079485237598419
epoch:00300 31.608664576294963 0.8964753971486447 0.20821543037891388
epoch:00301 31.618813667603273 0.8969345360568320 0.2100023150444031
epoch:00302 31.535745242858134 0.8951961555510334 0.2147829681634903
epoch:00303 31.570894084640734 0.8960453625740223 0.21008455753326416
epoch:00304 31.611238178106400 0.8966422069444707 0.2086916148662567
epoch:00305 31.637099341301784 0.8961316769862042 0.20923728346824647
epoch:00306 31.571027544330697 0.8951792213510771 0.20645565092563628
epoch:00307 31.647817761823780 0.8969467243102868 0.21067814528942108
epoch:00308 31.640442098951060 0.8966002068142126 0.2091817706823349
epoch:00309 31.617137222062933 0.8964950934394744 0.2084699511528015
epoch:00310 31.517545556658593 0.8962755705569518 0.21072710454463958
epoch:00311 31.616920248405677 0.8966194854744834 0.2103825181722641
epoch:00312 31.584173126021300 0.8964244476743591 0.21028290688991547
epoch:00313 31.627417442221144 0.8966569446299137 0.21130135357379914
epoch:00314 31.617398015666424 0.8965652415463318 0.20797406435012816
epoch:00315 31.645565769373537 0.8970437761114436 0.21010310649871827
epoch:00316 31.577856262227850 0.8962525853490655 0.20690153241157533
epoch:00317 31.620170689015715 0.8972039610922588 0.21025802195072174
epoch:00318 31.602441975913614 0.8963532192596055 0.20997366905212403
epoch:00319 31.608971952107170 0.8957127730123613 0.20991242527961732
epoch:00320 31.635949140245877 0.8968410009251719 0.20908662676811218
epoch:00321 31.648241144621387 0.8971513694647870 0.2098084032535553
epoch:00322 31.513340880813644 0.8961569413880011 0.21013311743736268
epoch:00323 31.651420684123547 0.8969348371839126 0.2097186803817749
epoch:00324 31.588664458831070 0.8964795968753181 0.20945119559764863
epoch:00325 31.647049677060217 0.8968107107641192 0.2106500595808029
epoch:00326 31.635386820168600 0.8964868623699725 0.20822186172008514
epoch:00327 31.637235359343470 0.8971204302375000 0.20937706232070924
epoch:00328 31.669845945616327 0.8977264459905492 0.20955272614955903
epoch:00329 31.612578223591480 0.8962929916074496 0.2101641982793808
epoch:00330 31.645818029352250 0.8973886804811386 0.20968950688838958
epoch:00331 31.643124436249300 0.8971286758818744 0.2101322054862976
epoch:00332 31.641333375061016 0.8972510204623003 0.21072974503040315
epoch:00333 31.628920116964600 0.8967497042098111 0.20930152535438537
epoch:00334 31.631007879138500 0.8969338659651791 0.21059252321720123
epoch:00335 31.610251758619263 0.8971640223880064 0.2106842190027237
epoch:00336 31.637138204297734 0.8973232942061594 0.20896681547164916
epoch:00337 31.660487556210890 0.8975232742815791 0.20711854994297027
epoch:00338 31.655318091656370 0.8968059536565074 0.20770502388477324
epoch:00339 31.679843731789050 0.8975902398957292 0.2097459167242050
epoch:00340 31.636024233372420 0.8969988776457392 0.20714259445667266
epoch:00341 31.645642337922260 0.8971768531881654 0.21099009215831757
epoch:00342 31.670220877326432 0.8976929421520781 0.2089926481246948
epoch:00343 31.700821156846484 0.8977901452781396 0.20866353809833527
epoch:00344 31.692957776679386 0.8977561616740243 0.2071227878332138
epoch:00345 31.667779512662484 0.8976312633840674 0.2067802906036377
epoch:00346 31.627943809420590 0.8971212495769327 0.20987845063209534
epoch:00347 31.657445674888017 0.8967603398766247 0.2069518893957138
epoch:00348 31.680655494978584 0.8978416907852331 0.2086275488138199
epoch:00349 31.670925908569878 0.8972648718330566 0.20910400450229644
epoch:00350 31.653079714401322 0.8970886305426478 0.20873664915561677
epoch:00351 31.531003312890040 0.8968612680252879 0.2106946051120758
epoch:00352 31.688204641274060 0.8971097180063630 0.20998213589191436
epoch:00353 31.643180558768996 0.8971954241602773 0.2107010990381241
epoch:00354 31.644457154156832 0.8973397773972775 0.20847581326961517
epoch:00355 31.648440768263690 0.8975750086152429 0.20964337587356568
epoch:00356 31.667162208197773 0.8978257225148948 0.20819238126277922
epoch:00357 31.671895603574974 0.8972709748564052 0.20966117978096008
epoch:00358 31.668843074045025 0.8971378633329035 0.2086693078279495
epoch:00359 31.671942754290995 0.8972866144660732 0.21072104573249817
epoch:00360 31.556322818914857 0.8968579477816029 0.21076097786426545
epoch:00361 31.688754817946850 0.8977444569141106 0.20795997679233552
epoch:00362 31.691433206576495 0.8978637482437207 0.2074223130941391
epoch:00363 31.671448739203022 0.8974501647482549 0.20705409049987794
epoch:00364 31.640520220803317 0.8974283248601980 0.20988488495349883
epoch:00365 31.711154026612803 0.8979675661582540 0.20938021540641785
epoch:00366 31.709731156471907 0.8976793411997240 0.20471979975700377
epoch:00367 31.698931084598165 0.8979706147318197 0.20800483226776123
epoch:00368 31.715368318227910 0.8980908678544004 0.2081184685230255
epoch:00369 31.661861689236750 0.8977074723291164 0.2090745359659195
epoch:00370 31.658979845738134 0.8971033341867363 0.20843466818332673
epoch:00371 31.694959407058650 0.8974886768853942 0.2072172760963440
epoch:00372 31.672846143357570 0.8975393224303065 0.20902066826820373
epoch:00373 31.702014699467878 0.8979966364443772 0.20983762443065643
epoch:00374 31.696022945525748 0.8975179037951969 0.2049555003643036
epoch:00375 31.667467565047710 0.8980552219750990 0.20681644976139069
epoch:00376 31.692828882685564 0.8981595043565147 0.20979652404785157
epoch:00377 31.709820088167696 0.8977911966139684 0.20851619839668273
epoch:00378 31.729633437508248 0.8982452637109409 0.20781242549419404
epoch:00379 31.686149409968248 0.8976084585393973 0.20800132751464845
epoch:00380 31.691309203586883 0.8976275748919733 0.20802514255046844
epoch:00381 31.576587077309870 0.8960716918560191 0.21142251491546632
epoch:00382 31.682100263521022 0.8985374719925658 0.2073363482952118
epoch:00383 31.673732218422790 0.8977904700906076 0.2098015069961548
epoch:00384 31.720475967628012 0.8981234275842607 0.2085325986146927
epoch:00385 31.776621526001385 0.8988929014585411 0.20665310621261596
epoch:00386 31.682998661556844 0.8978691219118126 0.20935876965522765
epoch:00387 31.651757082615756 0.8973513449553510 0.20911882519721986
epoch:00388 31.709052106727903 0.8981582988789558 0.20802506804466248
epoch:00389 31.741429898035353 0.8984361005964789 0.20942044556140899
epoch:00390 31.711032942263678 0.8984586980180389 0.20908055305480958
epoch:00391 31.679428047529445 0.8979954591661186 0.20850259363651275
epoch:00392 31.712827481069684 0.8982925882794592 0.20837736427783965
epoch:00393 31.727577704318133 0.8983485324959497 0.20832461416721343
epoch:00394 31.678912302435332 0.8975723147988042 0.21100605726242067
epoch:00395 31.669765234519910 0.8974910193697700 0.2096085250377655
epoch:00396 31.750055201024118 0.8987125755864922 0.2078538119792938
epoch:00397 31.646711518350520 0.8981198837603428 0.20861264765262605
epoch:00398 31.734081381060015 0.8980682786817200 0.20922362804412842
epoch:00399 31.709879461219963 0.8979530534235993 0.20865103900432586
epoch:00400 31.715695829912868 0.8979563372026697 0.20971441864967347
epoch:00401 31.660075637938120 0.8976684894660432 0.21221821010112762
epoch:00402 31.710574786754385 0.8978828295323347 0.20865159034729003
epoch:00403 31.723928319466694 0.8983959570219152 0.20708234012126922
epoch:00404 31.713361365385254 0.8981868022088173 0.20741977393627167
epoch:00405 31.715186869793690 0.8984664335262293 0.2082372784614563
epoch:00406 31.753214758588882 0.8988488242621104 0.2063032269477844
epoch:00407 31.743112147615715 0.8982712881858710 0.2083156168460846
epoch:00408 31.716578887079294 0.8984131128079840 0.20893580913543702
epoch:00409 31.717000416580117 0.8981432045308997 0.20842434465885162
epoch:00410 31.695101038133440 0.8976770697214119 0.20921390056610106
epoch:00411 31.745318071015420 0.8981025705005690 0.20578835606575013
epoch:00412 31.742002323333043 0.8984909964972869 0.2073064535856247
epoch:00413 31.723247847672024 0.8983382887058078 0.20982852578163147
epoch:00414 31.660585338002676 0.8968610321350052 0.20961227118968964
epoch:00415 31.740694129359838 0.8986363698717030 0.2057233601808548
epoch:00416 31.712058912243000 0.8984934786959146 0.20692240297794343
epoch:00417 31.754664775550175 0.8985597525210615 0.20742411613464357
epoch:00418 31.715201889894853 0.8986428966931431 0.20752944946289062
epoch:00419 31.768515290898428 0.8986464418425300 0.2082093358039856
epoch:00420 31.765634086357938 0.8989429330699734 0.20705206096172332
epoch:00421 31.761745030519798 0.8991644480734914 0.20657903254032134
epoch:00422 31.772192980014903 0.8988023700862886 0.20893492102622985
epoch:00423 31.650417078533632 0.8979144662675369 0.20851019620895386
epoch:00424 31.755420324196677 0.8986475207606599 0.20661836266517639
epoch:00425 31.729181457487794 0.8984388351697665 0.20678776800632476
epoch:00426 31.784407142183547 0.8990827618517494 0.20650109350681306
epoch:00427 31.740561204517680 0.8991365276281249 0.20761073231697083
epoch:00428 31.751306901655198 0.8986657259751416 0.20806451439857482
epoch:00429 31.746131432337318 0.8985717923461873 0.20617398619651794
epoch:00430 31.688810862675744 0.8976543365827124 0.20674231946468352
epoch:00431 31.744019574097244 0.8988743932693100 0.20680545270442963
epoch:00432 31.747540882540430 0.8983795291946904 0.2067422926425934
epoch:00433 31.737917241446905 0.8986032446233742 0.20729175508022307
epoch:00434 31.752882665339428 0.8987223008346696 0.2075314611196518
epoch:00435 31.759619918447080 0.8990880243434661 0.2064442068338394
epoch:00436 31.748994035919253 0.8982456762105567 0.21024438440799714
epoch:00437 31.775009677226410 0.8989362063862176 0.20751126408576964
epoch:00438 31.740340982725638 0.8984918921628496 0.21005209386348725
epoch:00439 31.754509379183066 0.8984213478152414 0.20689443945884706
epoch:00440 31.770945264668890 0.8991928473364057 0.20719298124313354
epoch:00441 31.771498511696894 0.8985938335905927 0.2087061196565628
epoch:00442 31.757261684199660 0.8986515055008789 0.2060779482126236
epoch:00443 31.731882500301708 0.8983795959922650 0.20742930173873902
epoch:00444 31.765496648584293 0.8989715312535533 0.2067921519279480
epoch:00445 31.775113941334943 0.8990042040735877 0.20784775614738465
epoch:00446 31.757414083462074 0.8986812080581968 0.20852982699871064
epoch:00447 31.738844107007015 0.8985696650225121 0.20848569869995118
epoch:00448 31.723670921179270 0.8982346915792817 0.20790499150753022
epoch:00449 31.753171563072165 0.8985429703921548 0.2093224883079529
epoch:00450 31.776736486248120 0.8991858507778993 0.20807293355464934
epoch:00451 31.785543286996887 0.8992728959090008 0.20750340521335603
epoch:00452 31.749528435222090 0.8989177807299151 0.20746741592884063
epoch:00453 31.746506001442402 0.8983549326460343 0.2093504935503006
epoch:00454 31.617288312482223 0.8981212788205541 0.2074668139219284
epoch:00455 31.778059545288090 0.8993392872883318 0.20721060037612915
epoch:00456 31.771959795850580 0.8990228535131843 0.2073664605617523
epoch:00457 31.776782399356904 0.8988891062621226 0.20824031233787538
epoch:00458 31.743112590089602 0.8985687896812038 0.20836101174354554
epoch:00459 31.766792191829786 0.8988808869662076 0.2063442200422287
epoch:00460 31.744527756583857 0.8988874233051656 0.20834997594356536
epoch:00461 31.781880926603100 0.8992558531438165 0.2073549896478653
epoch:00462 31.745435304064280 0.8986848348380306 0.20745134651660918
epoch:00463 31.768648695010220 0.8988655140128514 0.2088954418897629
epoch:00464 31.722898818024950 0.8983645466559365 0.20883358120918274
epoch:00465 31.769969859135067 0.8992899152140653 0.2078602582216263
epoch:00466 31.789875289785982 0.8995056847604129 0.2060200959444046
epoch:00467 31.777517617411227 0.8989809063228179 0.20719825923442842
epoch:00468 31.781870958097620 0.8992810286854074 0.20735734701156616
epoch:00469 31.743968895139897 0.8988066145231608 0.20459241569042205
epoch:00470 31.732485497080916 0.8989350694600008 0.2084062695503235
epoch:00471 31.806817825229825 0.8995376865737674 0.20776787400245667
epoch:00472 31.767833730143554 0.8992735586851767 0.20642755329608917
epoch:00473 31.754349027222894 0.8986242162767161 0.20871120393276216
epoch:00474 31.772055754242615 0.8994144560098217 0.20779988467693328
epoch:00475 31.793186260793096 0.8993954991482458 0.2066458135843277
epoch:00476 31.747409813461264 0.8985987460314460 0.20773178040981294
epoch:00477 31.771044997046886 0.8989184141397232 0.2050037145614624
epoch:00478 31.764354067654040 0.8990460109124750 0.20801641941070556
epoch:00479 31.734200413447002 0.8983839209144125 0.20739855170249938
epoch:00480 31.720769993765696 0.8988886978618396 0.20659957826137543
epoch:00481 31.754551487340300 0.8984277388031119 0.2069033384323120
epoch:00482 31.781127651469127 0.8992267762668789 0.20729207694530488
epoch:00483 31.783992627875960 0.8990598363882176 0.20825282633304595
epoch:00484 31.793279052398578 0.8994821773074207 0.20767533481121064
epoch:00485 31.802612391912998 0.8991473796327695 0.2072249561548233
epoch:00486 31.822291133133103 0.8995317714690032 0.2083289772272110
epoch:00487 31.758433518567790 0.8988291360462796 0.2066155731678009
epoch:00488 31.726134713318213 0.8982232232858799 0.2107049971818924
epoch:00489 31.811481155799207 0.8991010915679443 0.20649469494819642
epoch:00490 31.784934227027982 0.8989284293390473 0.2077928364276886
epoch:00491 31.832424018574567 0.8994506358305092 0.20657769441604615
epoch:00492 31.822113994859148 0.8992273415635689 0.20733474791049958
epoch:00493 31.776920400489654 0.8990148298433780 0.20611085891723632
epoch:00494 31.810780829420800 0.8994505650234217 0.20800567865371705
epoch:00495 31.799748351672385 0.8997349271343692 0.2071251690387726
epoch:00496 31.787937625265272 0.8994930063638215 0.20710545480251313
epoch:00497 31.822605694658602 0.8992142519631712 0.20401434898376464
epoch:00498 31.765358872042560 0.8989086931493327 0.20808108448982238
epoch:00499 31.843022508615356 0.8998558666329087 0.20559075772762297
epoch:00500 31.810456966155340 0.8995584351793386 0.20774885416030883
epoch:00501 31.822202342558250 0.8993948580232718 0.20515437424182892
epoch:00502 31.815744484017273 0.8993779633947915 0.2053229272365570
epoch:00503 31.776004609740475 0.8990367877478713 0.2097383052110672
epoch:00504 31.788830337532140 0.8992424621107329 0.20718142986297608
epoch:00505 31.828476457812258 0.8999002936914609 0.20686665773391724
epoch:00506 31.821344130830330 0.8997973193067988 0.20487021505832673
epoch:00507 31.783391244719320 0.8993823247074484 0.20605750977993012
epoch:00508 31.819310839870970 0.8997823238214441 0.20622366070747375
epoch:00509 31.818262982068880 0.8998032415249544 0.20729886293411254
epoch:00510 31.787893042517812 0.8990549591637812 0.20973555445671083
