epoch:00001 28.226198128290054 0.7773166372725352 0.34916519820690156
epoch:00002 28.051853326202654 0.7648936119125277 0.3435188293457031
epoch:00003 27.839741655767550 0.7497316290999723 0.3577876240015030
epoch:00004 27.184755468752087 0.7563884054781316 0.3283922329545021
epoch:00005 26.948951850227377 0.7455305598506927 0.33511947095394135
epoch:00006 27.767713971615404 0.7571551281778011 0.32852592319250107
epoch:00007 27.705649871006820 0.7602477689829115 0.31970377266407013
epoch:00008 27.345467503444702 0.7543871598051399 0.32695029526948927
epoch:00009 27.041556663794516 0.7548281883346619 0.32854561060667037
epoch:00010 27.415835905810933 0.7510320424801838 0.33911561518907546
epoch:00011 26.942364242690207 0.7521122409795160 0.33626807034015654
epoch:00012 27.083057747625446 0.7591569233645060 0.3410914823412895
epoch:00013 26.668863419500184 0.7496981377273662 0.33389799743890763
epoch:00014 27.298869388100012 0.7546018074965126 0.3272709995508194
epoch:00015 27.002590453609088 0.7507269552959702 0.32620407044887545
epoch:00016 27.770263066195508 0.7579000632349680 0.33914392441511154
epoch:00017 27.729418455225733 0.7559001669527743 0.32213274836540223
epoch:00018 27.489207775134894 0.7614566435356211 0.3271296113729477
epoch:00019 27.844070344570024 0.7605861214198554 0.3348818853497505
epoch:00020 27.940594835719917 0.7692602595108279 0.3247724324464798
epoch:00021 27.684843015490220 0.7619301314355880 0.31595153361558914
epoch:00022 27.984509070994914 0.7692679290250981 0.3276226118206978
epoch:00023 27.608521284863446 0.7586203841413180 0.32503941357135774
epoch:00024 27.576896153188024 0.7626285127561168 0.3210908845067024
epoch:00025 27.784272436002360 0.7627323543028456 0.32641149014234544
epoch:00026 27.561692971060165 0.7605804258624241 0.32581003904342654
epoch:00027 27.784353779294100 0.7714424000513667 0.3139766827225685
epoch:00028 27.757913335204950 0.7624636732914519 0.3166870206594467
epoch:00029 27.726007026362076 0.7581999741305783 0.3308304131031036
epoch:00030 27.772694270039710 0.7683553993232355 0.31520715951919553
epoch:00031 26.842856573220253 0.7509929550538076 0.3175243496894836
epoch:00032 27.380065835127606 0.7637543007047045 0.30988081693649294
epoch:00033 27.092369011330003 0.7589234208593744 0.3138989835977554
epoch:00034 27.876519107290807 0.7645649906263969 0.3270937502384186
epoch:00035 27.784826087300406 0.7614433285237674 0.3107362940907478
epoch:00036 27.499778796248960 0.7394465316048580 0.3281526446342468
epoch:00037 27.749411335889080 0.7521521923319812 0.3256382867693901
epoch:00038 27.797946417716712 0.7499321217824690 0.32157517224550247
epoch:00039 27.588822228465233 0.7499359019058293 0.3266956955194473
epoch:00040 27.272608137032137 0.7466161244852456 0.31977484822273256
epoch:00041 27.631504380045463 0.7534542746188015 0.32930344343185425
epoch:00042 27.095874789615220 0.7406854523432935 0.3149860233068466
epoch:00043 27.385403317475827 0.7430542666507204 0.3122836008667946
epoch:00044 27.380528203741836 0.7504351587698580 0.3229040056467056
epoch:00045 27.329146625184535 0.7454688000045426 0.3198339655995369
epoch:00046 27.251427978531336 0.7410005008373185 0.32380662113428116
epoch:00047 26.877981976164460 0.7202541244499023 0.32351773232221603
epoch:00048 27.596231779831736 0.7520527750407493 0.32550023794174193
epoch:00049 27.625505016725760 0.7412288448612472 0.3323422476649284
epoch:00050 27.334433178109850 0.7414777903670479 0.31870902627706527
epoch:00051 27.069511101383075 0.7514801533098090 0.31995184272527694
epoch:00052 26.961406710414206 0.7309868864930082 0.3281667247414589
epoch:00053 26.712670093532220 0.7378560404180682 0.3224928960204124
epoch:00054 27.380203996448067 0.7440971542832518 0.3188106641173363
epoch:00055 27.795871449708898 0.7666819151537343 0.32610399574041365
epoch:00056 27.813499895793512 0.7652811536567945 0.32460556030273435
epoch:00057 27.414100173898370 0.7525414804094238 0.3159200713038445
epoch:00058 27.963451618677283 0.7664131308397317 0.31762536615133286
epoch:00059 27.606204984287000 0.7539391835570379 0.3146021142601967
epoch:00060 27.606090980438430 0.7553715965224834 0.3204201802611351
epoch:00061 27.912198077779248 0.7623058822433635 0.32181805223226545
epoch:00062 27.611945150533778 0.7633549640629854 0.3109596401453018
epoch:00063 27.622329565264420 0.7554230237290049 0.31492399573326113
epoch:00064 27.516260222763275 0.7572855278460235 0.31333533227443694
epoch:00065 27.579055349756704 0.7638742047054378 0.31717259585857394
epoch:00066 27.835573347687880 0.7639916722027954 0.31612464487552644
epoch:00067 27.516710109652130 0.7645452354956064 0.31731310337781904
epoch:00068 27.589372752449720 0.7540928308078059 0.3150470510125160
epoch:00069 27.848056308867132 0.7600515433608312 0.31860477179288865
epoch:00070 27.776997535684963 0.7559268287972840 0.31584115475416186
epoch:00071 27.945089356657142 0.7665990438821217 0.31285804510116577
epoch:00072 27.759100302562000 0.7598653922212895 0.3162726446986198
epoch:00073 27.702989270946443 0.7678325761945913 0.31035221815109254
epoch:00074 27.916042795750876 0.7685240062595708 0.31561402678489686
epoch:00075 27.759689024083308 0.7620291695659664 0.3137656211853027
