epoch:00001 25.319195807555880 0.6766658695773871 0.5009590417146683
epoch:00002 26.235265827163960 0.6937722506993345 0.47116187810897825
epoch:00003 26.834278635105967 0.7205180610759213 0.4453699290752411
epoch:00004 27.070361214855144 0.6996228785416610 0.45995322465896604
epoch:00005 27.046540186920407 0.7149057470233606 0.45005354583263396
epoch:00006 27.072105009173647 0.7228743913568993 0.44170546531677246
epoch:00007 27.161231088513460 0.7180459384785627 0.44785469174385073
epoch:00008 27.132215458465424 0.7264134574088434 0.4381010890007019
epoch:00009 27.014841173540170 0.7314088793114776 0.4317517876625061
epoch:00010 27.330461178395364 0.7301426206594599 0.4368496537208557
epoch:00011 27.487675289115373 0.7258556348807621 0.4361851304769516
epoch:00012 27.688711297812820 0.7295105547621339 0.43484196364879607
epoch:00013 27.538692372119478 0.7320745968728032 0.4334657698869705
epoch:00014 27.759812853764240 0.7248772487523558 0.4377617597579956
epoch:00015 27.570897406209333 0.7186732752671301 0.44233847558498385
epoch:00016 27.318892692076297 0.7137426423425894 0.4439749687910080
epoch:00017 27.943860788926674 0.7398119328911517 0.42536185383796693
epoch:00018 27.878338194862437 0.7496393708683635 0.41633981466293335
epoch:00019 27.502661355327240 0.7330491433869905 0.43204901814460756
epoch:00020 27.762394073237935 0.7363242839656150 0.42685399353504183
epoch:00021 27.652722374505060 0.7479081650106363 0.4158304423093796
epoch:00022 27.640007737405960 0.7479636666544993 0.4177187353372574
epoch:00023 27.882385107553166 0.7444091878331835 0.41725473999977114
epoch:00024 27.542127723746823 0.7590826887206428 0.4068667948246002
epoch:00025 27.979943123774497 0.7454184706533666 0.4199013888835907
epoch:00026 28.101392719286714 0.7439427452187861 0.4216679662466049
epoch:00027 28.011544626958084 0.7567829771354986 0.41112418174743653
epoch:00028 28.092670107890580 0.7564713787769125 0.41181149184703825
epoch:00029 28.197608579150415 0.7490474733942708 0.41468884646892545
epoch:00030 27.819871027372926 0.7533821804608305 0.41304460167884827
epoch:00031 28.031116364376470 0.7557885405738987 0.4088264346122742
epoch:00032 28.279073985085518 0.7563557024911038 0.4103424966335297
epoch:00033 28.133548821862775 0.7513834390440439 0.4161371022462845
epoch:00034 28.137574600478395 0.7669642411594376 0.40106208324432374
epoch:00035 28.447725108780208 0.7604602157918998 0.40669274926185606
epoch:00036 28.164971193227995 0.7569583791222100 0.41093070805072784
epoch:00037 28.288129450621334 0.7624415060494891 0.40725969076156615
epoch:00038 28.172184919938143 0.7564751589287496 0.4106095075607300
epoch:00039 28.513507723560350 0.7694255118336556 0.3971841990947723
epoch:00040 28.277587088747545 0.7601984823099988 0.40531212985515597
epoch:00041 28.448960733887276 0.7687503711307195 0.4020028799772263
epoch:00042 28.275634270705797 0.7602229892874192 0.40682812929153445
epoch:00043 28.464939360176032 0.7659040891528128 0.4029438436031342
epoch:00044 28.136972940502847 0.7439774157449215 0.4193930566310883
epoch:00045 28.566767220484273 0.7743076088416793 0.39295710921287536
epoch:00046 28.415563300131330 0.7689336847941247 0.39789039492607114
epoch:00047 28.583469776640783 0.7673992066347906 0.39940339624881743
epoch:00048 28.510436917960266 0.7702071887831680 0.39730119705200195
epoch:00049 28.656000713581953 0.7669194793336693 0.4002323210239410
epoch:00050 28.669710343083175 0.7672908637200213 0.40146456062793734
epoch:00051 28.366090147510250 0.7529164013593747 0.4164064198732376
epoch:00052 28.660210140299462 0.7738173486534811 0.39208556413650514
epoch:00053 28.571160881280340 0.7746086472436720 0.39386331737041474
epoch:00054 28.371230185837856 0.7704518166418868 0.39774243235588075
epoch:00055 28.602036141725500 0.7656055455139648 0.40173457860946654
epoch:00056 28.744972611517746 0.7721083643802300 0.3968811333179474
epoch:00057 28.742359442003742 0.7698583784607077 0.39872026443481445
epoch:00058 28.560387741038017 0.7650933920763174 0.4003655672073364
epoch:00059 28.618443445639976 0.7631557283785565 0.4061457455158234
epoch:00060 28.676412799443074 0.7693971591084561 0.39703351855278013
epoch:00061 28.443106198737503 0.7678517643687319 0.4006259530782700
epoch:00062 28.765578529896780 0.7680608967129580 0.3948125123977661
epoch:00063 28.618320404529776 0.7665310196312761 0.3993544399738312
epoch:00064 28.534573057406597 0.7656042803362897 0.3978450566530228
epoch:00065 28.433570493827517 0.7786103889904850 0.3902979761362076
epoch:00066 28.548331681205564 0.7705994640902867 0.3976906269788742
epoch:00067 28.642182425444910 0.7794646482792474 0.3892294347286224
epoch:00068 28.630751504315775 0.7710074446159862 0.39649043679237367
epoch:00069 28.872295035547086 0.7839213180948711 0.3840551882982254
epoch:00070 28.583057130417520 0.7709085558755148 0.39814017415046693
epoch:00071 28.825311456215093 0.7709201263098525 0.3949319779872894
epoch:00072 28.675570600604650 0.7720152161332605 0.39669038355350494
epoch:00073 28.688501964134115 0.7657732139686150 0.3991027921438217
epoch:00074 28.833942259814580 0.7757926685552341 0.39295766949653627
epoch:00075 28.874595591253488 0.7793795058764345 0.38736243546009064
epoch:00076 28.683889735040500 0.7766133561723548 0.3900430500507355
epoch:00077 28.921731802091340 0.7726594357746939 0.3932585552334785
epoch:00078 28.603873384348430 0.7785211940895850 0.3897719234228134
epoch:00079 28.634963112854983 0.7765116526119522 0.3912980526685715
epoch:00080 28.774491361912418 0.7822656255310381 0.38258794844150545
epoch:00081 28.601063704287572 0.7760441340463551 0.3913767784833908
epoch:00082 28.687284199030557 0.7792501361612852 0.38885670304298403
epoch:00083 28.734648362808240 0.7817066015069217 0.3854856550693512
epoch:00084 28.840384834597130 0.7856657480202907 0.3812440842390060
epoch:00085 28.526833278947130 0.7888380390918248 0.37868224531412126
epoch:00086 28.640225919168522 0.7922473741571564 0.37583800256252287
epoch:00087 28.835128062382108 0.7765686464885501 0.38888645768165586
epoch:00088 28.841557009439490 0.7673885465186469 0.3987208276987076
epoch:00089 28.888045954157510 0.7802417391228300 0.3886544853448868
epoch:00090 28.975035528290114 0.7917521717653022 0.3758756428956985
epoch:00091 28.912162370911970 0.7894272906946475 0.37797106206417086
epoch:00092 28.704211961804504 0.7809059675145751 0.3859216094017029
epoch:00093 28.813004714642563 0.7860593094717614 0.38364810347557066
epoch:00094 28.736699750784000 0.7863714688155875 0.38461326658725736
epoch:00095 28.890034866189353 0.7727715792542144 0.39283844977617266
epoch:00096 28.767593079340270 0.7645686187108746 0.4017490893602371
epoch:00097 28.781849829247456 0.7830405813434098 0.38490761518478395
epoch:00098 28.742577070540584 0.7884696701679630 0.3783495485782623
epoch:00099 28.658308179096730 0.7836678504208054 0.38361513912677764
epoch:00100 28.647645453219390 0.7839343656805750 0.3826419234275818
epoch:00101 28.632068268461230 0.7838736290102231 0.3839400321245193
epoch:00102 28.627738435014543 0.7890724202913120 0.3793619528412819
epoch:00103 28.953256886035785 0.7835617784617255 0.3836019247770309
epoch:00104 28.934778204047130 0.7820407921217545 0.38587879538536074
epoch:00105 28.548474382355813 0.7840919301024545 0.38456664979457855
epoch:00106 28.489479930249780 0.7897541458324235 0.37948812246322633
epoch:00107 28.467323034379575 0.7885029620597704 0.37715303152799606
epoch:00108 28.842648079914163 0.7782964256465060 0.3914880931377411
epoch:00109 28.801395996384635 0.7861583263706599 0.3802663892507553
epoch:00110 28.324212604289290 0.7896692320465261 0.3767125204205513
epoch:00111 28.775350692063103 0.7922340410475802 0.37546661496162415
epoch:00112 28.920735217097985 0.7928554148499212 0.3754680290818214
epoch:00113 28.905138368017350 0.7942559872186303 0.37332644760608674
epoch:00114 29.016386636950120 0.7919090543716764 0.3745257735252380
epoch:00115 29.048931415102935 0.7885392301144927 0.3796765521168709
epoch:00116 28.800978657392243 0.7820943742589400 0.38592398464679717
epoch:00117 29.080505235305765 0.7920619583266403 0.37357559204101565
epoch:00118 28.858043643579690 0.7919797756585439 0.37536569535732267
epoch:00119 28.976014471075224 0.7934576396893795 0.37370032966136935
epoch:00120 29.036785115519763 0.7894987267929884 0.3763252794742584
epoch:00121 29.030393133912433 0.7901391416680313 0.37545545399188995
epoch:00122 29.029396318008956 0.7922226222625680 0.3750025123357773
epoch:00123 29.167326986147003 0.7945943416367578 0.37203395962715147
epoch:00124 28.928839618231997 0.7859610139771286 0.38242399990558623
epoch:00125 29.145661448035770 0.7860783161843030 0.38117540776729586
epoch:00126 28.931331982229892 0.7888601681523632 0.3781322330236435
epoch:00127 28.853556295729920 0.7969950163565686 0.3685851082205772
epoch:00128 28.959611882689607 0.7910835921290841 0.37576249837875364
epoch:00129 29.047950715079214 0.7847294344233655 0.3823553055524826
epoch:00130 29.054387200234096 0.7935036510470053 0.3743009477853775
epoch:00131 28.857163176879130 0.7907031036672156 0.3784461244940758
epoch:00132 28.859928939601833 0.7920749853176398 0.37505712658166884
epoch:00133 28.997659687743000 0.7908764216881716 0.3775132358074188
epoch:00134 28.890383890789053 0.7955375259354774 0.37220388650894165
epoch:00135 28.975283579357390 0.7917494111965950 0.37406283617019653
epoch:00136 29.087486438010690 0.7900740888199755 0.37694780230522157
epoch:00137 29.066302249741188 0.7930227838755173 0.3731224924325943
epoch:00138 28.906048663187960 0.7947541711865361 0.3724364638328552
epoch:00139 29.071741326990130 0.7927662609356693 0.3733619645237923
epoch:00140 29.052877059613250 0.7933153848599510 0.37165185809135437
epoch:00141 29.041117749663954 0.7949863498170220 0.37116781771183016
epoch:00142 28.852880598823123 0.7937549600469896 0.3735522434115410
epoch:00143 28.859913436232052 0.7956026500785646 0.3709847450256348
epoch:00144 29.139922372674437 0.7918877395357217 0.3739611268043518
epoch:00145 29.240699987001005 0.7898692202841471 0.3757230132818222
epoch:00146 29.139728293695317 0.7940078895568812 0.3706031709909439
epoch:00147 28.968642007432834 0.7946742575212445 0.3714373290538788
epoch:00148 28.952318318484384 0.7959144682864907 0.3712281957268715
epoch:00149 28.938009483794843 0.7899010353461571 0.3758167788386345
epoch:00150 29.058725441495994 0.7903454113735476 0.3758365049958229
epoch:00151 28.966563518169790 0.7950055523961592 0.37114356458187103
epoch:00152 29.053573664707540 0.7933448998889177 0.37590672075748444
epoch:00153 29.024122584628040 0.7915393825456405 0.37630796134471894
epoch:00154 29.086093991430296 0.7944630181433466 0.3721629589796066
epoch:00155 28.862742763077950 0.7970874461049247 0.37030491828918455
epoch:00156 29.137805767684700 0.7957325833414767 0.37072950005531313
epoch:00157 29.175297186464356 0.7968411365505562 0.36919133067131044
epoch:00158 29.172546683440725 0.7943946703427298 0.3703833058476448
epoch:00159 29.195898258578870 0.7952977025452831 0.3707128673791885
epoch:00160 29.149943154553444 0.7903257266727821 0.3769662111997604
