epoch:00001 25.319195807555880 0.6766658695773871 0.5009590417146683
epoch:00002 26.235265827163960 0.6937722506993345 0.47116187810897825
epoch:00003 26.834278635105967 0.7205180610759213 0.4453699290752411
epoch:00004 27.070361214855144 0.6996228785416610 0.45995322465896604
epoch:00005 27.046540186920407 0.7149057470233606 0.45005354583263396
epoch:00006 27.072105009173647 0.7228743913568993 0.44170546531677246
epoch:00007 27.161231088513460 0.7180459384785627 0.44785469174385073
epoch:00008 27.132215458465424 0.7264134574088434 0.4381010890007019
epoch:00009 27.014841173540170 0.7314088793114776 0.4317517876625061
epoch:00010 27.330461178395364 0.7301426206594599 0.4368496537208557
epoch:00011 27.487675289115373 0.7258556348807621 0.4361851304769516
epoch:00012 27.688711297812820 0.7295105547621339 0.43484196364879607
epoch:00013 27.538692372119478 0.7320745968728032 0.4334657698869705
epoch:00014 27.759812853764240 0.7248772487523558 0.4377617597579956
epoch:00015 27.570897406209333 0.7186732752671301 0.44233847558498385
epoch:00016 27.318892692076297 0.7137426423425894 0.4439749687910080
epoch:00017 27.943860788926674 0.7398119328911517 0.42536185383796693
epoch:00018 27.878338194862437 0.7496393708683635 0.41633981466293335
epoch:00019 27.502661355327240 0.7330491433869905 0.43204901814460756
epoch:00020 27.762394073237935 0.7363242839656150 0.42685399353504183
epoch:00021 27.652722374505060 0.7479081650106363 0.4158304423093796
epoch:00022 27.640007737405960 0.7479636666544993 0.4177187353372574
epoch:00023 27.882385107553166 0.7444091878331835 0.41725473999977114
epoch:00024 27.542127723746823 0.7590826887206428 0.4068667948246002
epoch:00025 27.979943123774497 0.7454184706533666 0.4199013888835907
epoch:00026 28.101392719286714 0.7439427452187861 0.4216679662466049
epoch:00027 28.011544626958084 0.7567829771354986 0.41112418174743653
epoch:00028 28.092670107890580 0.7564713787769125 0.41181149184703825
epoch:00029 28.197608579150415 0.7490474733942708 0.41468884646892545
epoch:00030 27.819871027372926 0.7533821804608305 0.41304460167884827
epoch:00031 28.031116364376470 0.7557885405738987 0.4088264346122742
epoch:00032 28.279073985085518 0.7563557024911038 0.4103424966335297
epoch:00033 28.133548821862775 0.7513834390440439 0.4161371022462845
epoch:00034 28.137574600478395 0.7669642411594376 0.40106208324432374
epoch:00035 28.447725108780208 0.7604602157918998 0.40669274926185606
epoch:00036 28.164971193227995 0.7569583791222100 0.41093070805072784
epoch:00037 28.288129450621334 0.7624415060494891 0.40725969076156615
epoch:00038 28.172184919938143 0.7564751589287496 0.4106095075607300
epoch:00039 28.513507723560350 0.7694255118336556 0.3971841990947723
epoch:00040 28.277587088747545 0.7601984823099988 0.40531212985515597
epoch:00041 28.448960733887276 0.7687503711307195 0.4020028799772263
epoch:00042 28.275634270705797 0.7602229892874192 0.40682812929153445
epoch:00043 28.464939360176032 0.7659040891528128 0.4029438436031342
epoch:00044 28.136972940502847 0.7439774157449215 0.4193930566310883
epoch:00045 28.566767220484273 0.7743076088416793 0.39295710921287536
epoch:00046 28.415563300131330 0.7689336847941247 0.39789039492607114
epoch:00047 28.583469776640783 0.7673992066347906 0.39940339624881743
epoch:00048 28.510436917960266 0.7702071887831680 0.39730119705200195
epoch:00049 28.656000713581953 0.7669194793336693 0.4002323210239410
epoch:00050 28.669710343083175 0.7672908637200213 0.40146456062793734
epoch:00051 28.366090147510250 0.7529164013593747 0.4164064198732376
epoch:00052 28.660210140299462 0.7738173486534811 0.39208556413650514
epoch:00053 28.571160881280340 0.7746086472436720 0.39386331737041474
epoch:00054 28.371230185837856 0.7704518166418868 0.39774243235588075
epoch:00055 28.602036141725500 0.7656055455139648 0.40173457860946654
epoch:00056 28.744972611517746 0.7721083643802300 0.3968811333179474
epoch:00057 28.742359442003742 0.7698583784607077 0.39872026443481445
epoch:00058 28.560387741038017 0.7650933920763174 0.4003655672073364
epoch:00059 28.618443445639976 0.7631557283785565 0.4061457455158234
epoch:00060 28.676412799443074 0.7693971591084561 0.39703351855278013
epoch:00061 28.443106198737503 0.7678517643687319 0.4006259530782700
epoch:00062 28.765578529896780 0.7680608967129580 0.3948125123977661
epoch:00063 28.618320404529776 0.7665310196312761 0.3993544399738312
epoch:00064 28.534573057406597 0.7656042803362897 0.3978450566530228
epoch:00065 28.433570493827517 0.7786103889904850 0.3902979761362076
epoch:00066 28.548331681205564 0.7705994640902867 0.3976906269788742
epoch:00067 28.642182425444910 0.7794646482792474 0.3892294347286224
epoch:00068 28.630751504315775 0.7710074446159862 0.39649043679237367
epoch:00069 28.872295035547086 0.7839213180948711 0.3840551882982254
epoch:00070 28.583057130417520 0.7709085558755148 0.39814017415046693
epoch:00071 28.825311456215093 0.7709201263098525 0.3949319779872894
epoch:00072 28.675570600604650 0.7720152161332605 0.39669038355350494
epoch:00073 28.688501964134115 0.7657732139686150 0.3991027921438217
epoch:00074 28.833942259814580 0.7757926685552341 0.39295766949653627
epoch:00075 28.874595591253488 0.7793795058764345 0.38736243546009064
epoch:00076 28.683889735040500 0.7766133561723548 0.3900430500507355
epoch:00077 28.921731802091340 0.7726594357746939 0.3932585552334785
epoch:00078 28.603873384348430 0.7785211940895850 0.3897719234228134
epoch:00079 28.634963112854983 0.7765116526119522 0.3912980526685715
epoch:00080 28.774491361912418 0.7822656255310381 0.38258794844150545
epoch:00081 28.601063704287572 0.7760441340463551 0.3913767784833908
epoch:00082 28.687284199030557 0.7792501361612852 0.38885670304298403
epoch:00083 28.734648362808240 0.7817066015069217 0.3854856550693512
epoch:00084 28.840384834597130 0.7856657480202907 0.3812440842390060
epoch:00085 28.526833278947130 0.7888380390918248 0.37868224531412126
epoch:00086 28.640225919168522 0.7922473741571564 0.37583800256252287
epoch:00087 28.835128062382108 0.7765686464885501 0.38888645768165586
epoch:00088 28.841557009439490 0.7673885465186469 0.3987208276987076
epoch:00089 28.888045954157510 0.7802417391228300 0.3886544853448868
epoch:00090 28.975035528290114 0.7917521717653022 0.3758756428956985
epoch:00091 28.912162370911970 0.7894272906946475 0.37797106206417086
epoch:00092 28.704211961804504 0.7809059675145751 0.3859216094017029
epoch:00093 28.813004714642563 0.7860593094717614 0.38364810347557066
epoch:00094 28.736699750784000 0.7863714688155875 0.38461326658725736
epoch:00095 28.890034866189353 0.7727715792542144 0.39283844977617266
epoch:00096 28.767593079340270 0.7645686187108746 0.4017490893602371
epoch:00097 28.781849829247456 0.7830405813434098 0.38490761518478395
epoch:00098 28.742577070540584 0.7884696701679630 0.3783495485782623
epoch:00099 28.658308179096730 0.7836678504208054 0.38361513912677764
epoch:00100 28.647645453219390 0.7839343656805750 0.3826419234275818
epoch:00101 28.632068268461230 0.7838736290102231 0.3839400321245193
epoch:00102 28.627738435014543 0.7890724202913120 0.3793619528412819
epoch:00103 28.953256886035785 0.7835617784617255 0.3836019247770309
epoch:00104 28.934778204047130 0.7820407921217545 0.38587879538536074
epoch:00105 28.548474382355813 0.7840919301024545 0.38456664979457855
epoch:00106 28.489479930249780 0.7897541458324235 0.37948812246322633
epoch:00107 28.467323034379575 0.7885029620597704 0.37715303152799606
epoch:00108 28.842648079914163 0.7782964256465060 0.3914880931377411
epoch:00109 28.801395996384635 0.7861583263706599 0.3802663892507553
epoch:00110 28.324212604289290 0.7896692320465261 0.3767125204205513
epoch:00111 28.775350692063103 0.7922340410475802 0.37546661496162415
epoch:00112 28.920735217097985 0.7928554148499212 0.3754680290818214
epoch:00113 28.905138368017350 0.7942559872186303 0.37332644760608674
epoch:00114 29.016386636950120 0.7919090543716764 0.3745257735252380
epoch:00115 29.048931415102935 0.7885392301144927 0.3796765521168709
epoch:00116 28.800978657392243 0.7820943742589400 0.38592398464679717
epoch:00117 29.080505235305765 0.7920619583266403 0.37357559204101565
epoch:00118 28.858043643579690 0.7919797756585439 0.37536569535732267
epoch:00119 28.976014471075224 0.7934576396893795 0.37370032966136935
epoch:00120 29.036785115519763 0.7894987267929884 0.3763252794742584
epoch:00121 29.030393133912433 0.7901391416680313 0.37545545399188995
epoch:00122 29.029396318008956 0.7922226222625680 0.3750025123357773
epoch:00123 29.167326986147003 0.7945943416367578 0.37203395962715147
epoch:00124 28.928839618231997 0.7859610139771286 0.38242399990558623
epoch:00125 29.145661448035770 0.7860783161843030 0.38117540776729586
epoch:00126 28.931331982229892 0.7888601681523632 0.3781322330236435
epoch:00127 28.853556295729920 0.7969950163565686 0.3685851082205772
epoch:00128 28.959611882689607 0.7910835921290841 0.37576249837875364
epoch:00129 29.047950715079214 0.7847294344233655 0.3823553055524826
epoch:00130 29.054387200234096 0.7935036510470053 0.3743009477853775
epoch:00131 28.857163176879130 0.7907031036672156 0.3784461244940758
epoch:00132 28.859928939601833 0.7920749853176398 0.37505712658166884
epoch:00133 28.997659687743000 0.7908764216881716 0.3775132358074188
epoch:00134 28.890383890789053 0.7955375259354774 0.37220388650894165
epoch:00135 28.975283579357390 0.7917494111965950 0.37406283617019653
epoch:00136 29.087486438010690 0.7900740888199755 0.37694780230522157
epoch:00137 29.066302249741188 0.7930227838755173 0.3731224924325943
epoch:00138 28.906048663187960 0.7947541711865361 0.3724364638328552
epoch:00139 29.071741326990130 0.7927662609356693 0.3733619645237923
epoch:00140 29.052877059613250 0.7933153848599510 0.37165185809135437
epoch:00141 29.041117749663954 0.7949863498170220 0.37116781771183016
epoch:00142 28.852880598823123 0.7937549600469896 0.3735522434115410
epoch:00143 28.859913436232052 0.7956026500785646 0.3709847450256348
epoch:00144 29.139922372674437 0.7918877395357217 0.3739611268043518
epoch:00145 29.240699987001005 0.7898692202841471 0.3757230132818222
epoch:00146 29.139728293695317 0.7940078895568812 0.3706031709909439
epoch:00147 28.968642007432834 0.7946742575212445 0.3714373290538788
epoch:00148 28.952318318484384 0.7959144682864907 0.3712281957268715
epoch:00149 28.938009483794843 0.7899010353461571 0.3758167788386345
epoch:00150 29.058725441495994 0.7903454113735476 0.3758365049958229
epoch:00151 28.966563518169790 0.7950055523961592 0.37114356458187103
epoch:00152 29.053573664707540 0.7933448998889177 0.37590672075748444
epoch:00153 29.024122584628040 0.7915393825456405 0.37630796134471894
epoch:00154 29.086093991430296 0.7944630181433466 0.3721629589796066
epoch:00155 28.862742763077950 0.7970874461049247 0.37030491828918455
epoch:00156 29.137805767684700 0.7957325833414767 0.37072950005531313
epoch:00157 29.175297186464356 0.7968411365505562 0.36919133067131044
epoch:00158 29.172546683440725 0.7943946703427298 0.3703833058476448
epoch:00159 29.195898258578870 0.7952977025452831 0.3707128673791885
epoch:00160 29.149943154553444 0.7903257266727821 0.3769662111997604
epoch:00161 29.124934806021667 0.7912654686780578 0.37658994644880295
epoch:00162 29.098336054274390 0.7938235774862884 0.3724878728389740
epoch:00163 28.976834543322788 0.7982325249588694 0.36791507303714754
epoch:00164 28.973127676846804 0.7932234968902108 0.3741214990615845
epoch:00165 29.223800412415960 0.7920798203054304 0.37453137189149854
epoch:00166 29.119801211735950 0.7908545281280760 0.3749238461256027
epoch:00167 29.058392389841543 0.7923929048915224 0.3735808193683624
epoch:00168 29.073439933606217 0.7923954073378734 0.37369339168071747
epoch:00169 29.231476379766672 0.7956046621749774 0.3689128190279007
epoch:00170 29.143705254761310 0.7914679868166330 0.3746286004781723
epoch:00171 29.218748178042280 0.7897823648565442 0.37628077119588854
epoch:00172 29.019055327531397 0.7940394260427263 0.3723999708890915
epoch:00173 29.166409523811660 0.7941168517254330 0.37122643887996676
epoch:00174 29.197835355194332 0.7940513820686378 0.37144944071769714
epoch:00175 29.181295264593860 0.7949937450260880 0.3712227910757065
epoch:00176 29.219888916816835 0.7968767324640986 0.3696634009480476
epoch:00177 29.266884671669230 0.7941019601747588 0.3727622598409653
epoch:00178 29.297892465269285 0.7946775976534080 0.37158592939376833
epoch:00179 29.029157071121790 0.7985122167377929 0.3663736566901207
epoch:00180 29.133398913412247 0.7960772686248816 0.3697848379611969
epoch:00181 29.051618789037764 0.7986103895479949 0.36749218553304674
epoch:00182 29.165609850570497 0.7972689310419940 0.3690791815519333
epoch:00183 28.996382756458388 0.7958213716838860 0.3715358331799507
epoch:00184 29.092160540689555 0.7986239619217148 0.36751365959644317
epoch:00185 29.283733856012656 0.7965036608748790 0.3696049451828003
epoch:00186 29.112997665753130 0.7950847700589837 0.37211973667144777
epoch:00187 29.038487443227250 0.7948246768383507 0.3708533853292465
epoch:00188 29.051097448986980 0.7930806294184788 0.3739056304097176
epoch:00189 29.146247242498504 0.7960116222575059 0.3698274463415146
epoch:00190 29.098536224620943 0.7958028376887871 0.3703687310218811
epoch:00191 29.250870867265870 0.7958137750969226 0.37005011439323426
epoch:00192 29.231435570880098 0.7973383107714282 0.36872467696666716
epoch:00193 29.093802310315880 0.7950115671723851 0.3718172967433929
epoch:00194 29.242798374453486 0.7967341345004413 0.3700902104377747
epoch:00195 29.262663671577580 0.7945893608999387 0.37162731736898424
epoch:00196 29.142289069293690 0.7992862693210496 0.36608703136444093
epoch:00197 29.120143685637267 0.7960624205339528 0.3707451730966568
epoch:00198 29.252432449198217 0.7975509246887370 0.3690262153744698
epoch:00199 29.076926807082742 0.7975211128483780 0.3681670442223549
epoch:00200 29.203209436747800 0.7957358658904934 0.3706257253885269
epoch:00201 29.088098804979865 0.7979492825725754 0.3673942208290100
epoch:00202 29.130784042923580 0.7974710298727146 0.36889326125383376
epoch:00203 29.035033123486800 0.7972610812192362 0.36858604550361634
epoch:00204 29.147594406160273 0.7988066044005813 0.3662898659706116
epoch:00205 29.199831442323102 0.7950149864291622 0.3705242633819580
epoch:00206 29.176085546556795 0.7947959982453365 0.3716260612010956
epoch:00207 29.127179172791575 0.7976006144857457 0.3685419768095016
epoch:00208 29.135240867282950 0.7984526934517105 0.36701928079128265
epoch:00209 29.053428876785983 0.7988338165586858 0.3671873092651367
epoch:00210 29.205992750857850 0.7965011104779764 0.3692992314696312
epoch:00211 29.102540470538067 0.7979541247373717 0.3673704624176025
epoch:00212 29.173068034832220 0.7936516006457153 0.37252111583948133
epoch:00213 29.292356434783380 0.7947596304394687 0.3711959958076477
epoch:00214 29.155492023045515 0.7932077137715426 0.3729118049144745
epoch:00215 29.274998186799472 0.7974098232325050 0.36896921694278717
epoch:00216 29.258585458379066 0.7976410219714214 0.36802739948034285
epoch:00217 29.226088036348056 0.7969955220497553 0.3694504976272583
epoch:00218 29.067966220250020 0.7984534451517797 0.3679033249616623
epoch:00219 29.247952889673110 0.7982912899035959 0.36701991856098176
epoch:00220 29.148319606329960 0.7998361333328949 0.3645525276660919
epoch:00221 29.195615271639173 0.7977474435836084 0.3678135871887207
epoch:00222 29.245159135135093 0.7980433097581296 0.3670401707291603
epoch:00223 29.267134907805946 0.7978303983478859 0.3677838176488876
epoch:00224 29.276632939814230 0.7984250178355259 0.3676207125186920
epoch:00225 29.081912566596962 0.7982694200429190 0.3677007704973221
epoch:00226 29.234160612928480 0.7954886939910815 0.37046268582344055
epoch:00227 29.215557687704795 0.7968638402504428 0.3689757466316223
epoch:00228 29.187153154634224 0.7967129121994517 0.3688522055745125
epoch:00229 29.245315642236080 0.7970305767338665 0.3683228164911270
epoch:00230 29.209823663036765 0.7972938428580271 0.36838294863700866
epoch:00231 29.232915727231177 0.7970273524540918 0.3686095535755157
epoch:00232 29.233045834166500 0.7983576363002765 0.36772107928991316
epoch:00233 29.243016933422910 0.7992258230753727 0.36641027629375456
epoch:00234 29.299268874665680 0.7974612282663788 0.36856323331594465
epoch:00235 29.336491444965060 0.7961599897111554 0.3691448405385017
epoch:00236 29.266953624726227 0.7968948929903583 0.3685650974512100
epoch:00237 29.196054891892665 0.7970215981831623 0.3695051908493042
epoch:00238 29.231544135647948 0.7980337279324494 0.3677961125969887
epoch:00239 29.365262579635413 0.7976200582535405 0.36824328899383546
epoch:00240 29.241234914634294 0.7961859110673318 0.37049501538276675
epoch:00241 29.291813315034280 0.7986708129603075 0.36691282987594603
epoch:00242 29.200516445472980 0.7971519173182229 0.36874504685401915
epoch:00243 29.263120094236285 0.7978869036992837 0.36822519898414613
epoch:00244 29.210083905675283 0.7989817824510458 0.3674011990427971
epoch:00245 29.194826239702415 0.7977478542388371 0.3681745946407318
epoch:00246 29.177995574952643 0.7989706460117590 0.3666569501161575
epoch:00247 29.247657535149056 0.7983733720975894 0.36724090576171875
epoch:00248 29.110569889456247 0.7983611303875694 0.3670323401689529
epoch:00249 29.160772451712567 0.8001678215073508 0.3655731067061424
epoch:00250 29.228420667817070 0.7972584164806902 0.36775180846452715
epoch:00251 29.193135850001220 0.7983852096355981 0.3677189856767654
epoch:00252 29.164904875391933 0.7989182912194506 0.3672789454460144
epoch:00253 29.324145683344163 0.7957114035860413 0.37021347135305405
epoch:00254 29.279900551220372 0.7995346176310806 0.36579454839229586
epoch:00255 29.298727033360790 0.7980989442329572 0.36703636348247526
epoch:00256 29.307263368596530 0.7982801841973990 0.3660491034388542
epoch:00257 29.195651341107727 0.8008788292056295 0.3641321510076523
epoch:00258 29.290767791208168 0.7964589455091414 0.3689199537038803
epoch:00259 29.160332313200826 0.7981652104240331 0.36869410127401353
epoch:00260 29.312640398341188 0.7982580056098523 0.36789758801460265
epoch:00261 29.288679061913058 0.7988142975449122 0.36661011576652525
epoch:00262 29.161854803009653 0.7977329038334018 0.3678908199071884
epoch:00263 29.236160725213086 0.7981140172901854 0.3680654585361481
epoch:00264 29.305768168192905 0.8000569721657211 0.3653201013803482
epoch:00265 29.295722218424544 0.7968472289678482 0.36959846019744874
epoch:00266 29.259147001103162 0.7985561185889306 0.36803199648857116
epoch:00267 29.166624682381080 0.7980536303689004 0.3678106635808945
epoch:00268 29.237336426419297 0.7987289175413853 0.36737423688173293
epoch:00269 29.216457671920246 0.7979720141212556 0.36837987005710604
epoch:00270 29.238567048018332 0.7976101940511046 0.3679928660392761
epoch:00271 29.132301411916227 0.7984342816063581 0.3686205059289932
epoch:00272 29.208540517599083 0.7970391402917973 0.3696419447660446
epoch:00273 29.171822646545074 0.7986265326484224 0.3679090768098831
epoch:00274 29.225290031278917 0.7973514139231025 0.36917785108089446
epoch:00275 29.322262581334428 0.7996174732066919 0.3655805930495262
epoch:00276 29.021834609145820 0.7956387638681307 0.36996731758117674
epoch:00277 29.234282196770398 0.7965085259875327 0.3691632002592087
epoch:00278 28.847003373304904 0.7953422579609416 0.3719932332634926
epoch:00279 29.171116089392058 0.7988759140064376 0.36765781342983245
epoch:00280 29.360834844998088 0.7961249004453289 0.36865673661231996
epoch:00281 29.203757898667117 0.7984367920354011 0.3672418534755707
epoch:00282 29.207317498573860 0.7975676810795219 0.3688365966081619
epoch:00283 29.299275816252752 0.8000466427036812 0.3656237244606018
epoch:00284 29.304161302541310 0.7975389597944502 0.36804250478744505
epoch:00285 29.307716891652632 0.7985804750019734 0.3673939719796181
epoch:00286 29.158387323444515 0.8007813038859244 0.3642896354198456
epoch:00287 29.255393471824720 0.7986650664403907 0.36631746888160704
epoch:00288 29.284608954450107 0.7995557118739940 0.3657748818397522
epoch:00289 29.204173656781563 0.7984566049888628 0.3668345198035240
epoch:00290 29.314424087046596 0.7962370771410940 0.3686210036277771
epoch:00291 29.176309385147192 0.7990745086257152 0.3656392157077789
epoch:00292 29.253869009449705 0.7985908731731672 0.3657226175069809
epoch:00293 29.316594606773485 0.7981699883493971 0.3664184629917145
epoch:00294 29.036882247804140 0.8010802273236093 0.3633796855807304
epoch:00295 29.152899998099524 0.7986422213683736 0.36638339757919314
epoch:00296 29.230078207598826 0.8005683888249863 0.3647602468729019
epoch:00297 29.285380625675096 0.7969547786329155 0.3680579841136932
epoch:00298 29.191181624916930 0.7995400763508830 0.36559818387031556
epoch:00299 29.241165176335517 0.7990106101025003 0.36602526903152466
epoch:00300 29.257605542507985 0.7990653744293262 0.36615054607391356
epoch:00301 29.242497019419450 0.7989734755614484 0.3661274403333664
epoch:00302 29.208117148580953 0.8002602060574790 0.3652468889951706
epoch:00303 29.230735971568116 0.8005167347764320 0.36472114324569704
epoch:00304 29.279900979415505 0.7981838686579505 0.36748526692390443
epoch:00305 29.254226221706652 0.7998335192685336 0.36511012613773347
epoch:00306 29.261138684064445 0.8002889200628275 0.3646228015422821
epoch:00307 29.275543449736837 0.7984330974191987 0.36651887446641923
epoch:00308 29.270818744145704 0.8000881058246680 0.3649899423122406
epoch:00309 29.280518371078948 0.7999965650862422 0.3654880940914154
epoch:00310 29.282752390487417 0.7992101769687205 0.3662701964378357
epoch:00311 29.298025653022165 0.7979044575327346 0.3678047746419907
epoch:00312 29.256121909275443 0.7983337148365486 0.36772715747356416
epoch:00313 29.313566065822650 0.7983346397165858 0.3669367849826813
epoch:00314 29.241175376692430 0.8010149791725916 0.36416175663471223
epoch:00315 29.289719728012790 0.7997096502350707 0.3651101619005203
epoch:00316 29.237144714058683 0.7997781205438825 0.3654853031039238
epoch:00317 29.278694901687040 0.8003361091748286 0.36480283588171003
epoch:00318 29.281655810994340 0.7990240436976399 0.3661662101745605
epoch:00319 29.266440071302878 0.7993435211128040 0.36569987386465075
epoch:00320 29.232362836160366 0.8000543517308222 0.36537872403860094
epoch:00321 29.308620374791580 0.7991889175097038 0.3659800082445145
epoch:00322 29.324895893981193 0.7988507015503633 0.36647115647792816
epoch:00323 29.256431091810363 0.7993414858271168 0.36573597192764284
epoch:00324 29.287237967541746 0.7988913668439780 0.3664941772818565
epoch:00325 29.254593256309768 0.7998076671167078 0.36561898440122603
epoch:00326 29.264578908390092 0.7999446393674902 0.36532274931669234
epoch:00327 29.265412796957094 0.7995294759273053 0.3658551022410393
epoch:00328 29.295203447374917 0.7995085982160193 0.36568519920110704
epoch:00329 29.273931924972516 0.7980427802242743 0.3677730426192284
epoch:00330 29.314907811473983 0.7995974703143284 0.3653059661388397
epoch:00331 29.093720387534415 0.7992180287478048 0.36655154824256897
epoch:00332 29.209426373013976 0.7983769227196316 0.3662992030382156
epoch:00333 29.277377525070715 0.7985653901707949 0.36677838414907454
epoch:00334 29.289192548710833 0.7975140613432847 0.3678495377302170
epoch:00335 29.250450859928627 0.7997367158750044 0.36652738600969315
epoch:00336 29.206728605905717 0.7970873160836436 0.3700177431106567
epoch:00337 29.219577756116383 0.7997801418295103 0.3660287678241730
epoch:00338 29.227654307155053 0.7975735584778432 0.3680461809039116
epoch:00339 29.226949287091532 0.7946906000863668 0.3705420851707458
epoch:00340 29.228153648636216 0.8000112615492595 0.3640950545668602
epoch:00341 29.282585738567910 0.8006985238007657 0.3630366846919060
epoch:00342 29.319018354455665 0.7945550109503249 0.3691516429185867
epoch:00343 29.306206103211217 0.7981019034895971 0.36557315587997435
epoch:00344 29.291288493832543 0.7990218596986132 0.36473658978939055
epoch:00345 29.312083171530710 0.7996220768237325 0.3647622689604759
epoch:00346 29.359582249988970 0.7969800566096237 0.3667483389377594
epoch:00347 29.201877832263060 0.7976396902402108 0.36690872460603713
epoch:00348 29.330318379096827 0.7965951610071879 0.3668180227279663
epoch:00349 29.367952692495816 0.7994659092256462 0.3643014967441559
epoch:00350 29.353829033019156 0.7976233650194098 0.36551320254802705
epoch:00351 29.329498593632177 0.7975615355362887 0.36564126908779143
epoch:00352 29.294952621593190 0.7952819296775716 0.36824682354927063
epoch:00353 29.222935858885783 0.7988723980082220 0.3654289811849594
epoch:00354 29.176808532620804 0.8012625320593358 0.3605833977460861
epoch:00355 29.324244666766553 0.7949044423680913 0.3691264927387238
