epoch:00001 25.319195807555880 0.6766658695773871 0.5009590417146683
epoch:00002 26.235265827163960 0.6937722506993345 0.47116187810897825
epoch:00003 26.834278635105967 0.7205180610759213 0.4453699290752411
epoch:00004 27.070361214855144 0.6996228785416610 0.45995322465896604
epoch:00005 27.046540186920407 0.7149057470233606 0.45005354583263396
epoch:00006 27.072105009173647 0.7228743913568993 0.44170546531677246
epoch:00007 27.161231088513460 0.7180459384785627 0.44785469174385073
epoch:00008 27.132215458465424 0.7264134574088434 0.4381010890007019
epoch:00009 27.014841173540170 0.7314088793114776 0.4317517876625061
epoch:00010 27.330461178395364 0.7301426206594599 0.4368496537208557
epoch:00011 27.487675289115373 0.7258556348807621 0.4361851304769516
epoch:00012 27.688711297812820 0.7295105547621339 0.43484196364879607
epoch:00013 27.538692372119478 0.7320745968728032 0.4334657698869705
epoch:00014 27.759812853764240 0.7248772487523558 0.4377617597579956
epoch:00015 27.570897406209333 0.7186732752671301 0.44233847558498385
epoch:00016 27.318892692076297 0.7137426423425894 0.4439749687910080
epoch:00017 27.943860788926674 0.7398119328911517 0.42536185383796693
epoch:00018 27.878338194862437 0.7496393708683635 0.41633981466293335
epoch:00019 27.502661355327240 0.7330491433869905 0.43204901814460756
epoch:00020 27.762394073237935 0.7363242839656150 0.42685399353504183
epoch:00021 27.652722374505060 0.7479081650106363 0.4158304423093796
epoch:00022 27.640007737405960 0.7479636666544993 0.4177187353372574
epoch:00023 27.882385107553166 0.7444091878331835 0.41725473999977114
epoch:00024 27.542127723746823 0.7590826887206428 0.4068667948246002
epoch:00025 27.979943123774497 0.7454184706533666 0.4199013888835907
epoch:00026 28.101392719286714 0.7439427452187861 0.4216679662466049
epoch:00027 28.011544626958084 0.7567829771354986 0.41112418174743653
epoch:00028 28.092670107890580 0.7564713787769125 0.41181149184703825
epoch:00029 28.197608579150415 0.7490474733942708 0.41468884646892545
epoch:00030 27.819871027372926 0.7533821804608305 0.41304460167884827
epoch:00031 28.031116364376470 0.7557885405738987 0.4088264346122742
epoch:00032 28.279073985085518 0.7563557024911038 0.4103424966335297
epoch:00033 28.133548821862775 0.7513834390440439 0.4161371022462845
epoch:00034 28.137574600478395 0.7669642411594376 0.40106208324432374
epoch:00035 28.447725108780208 0.7604602157918998 0.40669274926185606
epoch:00036 28.164971193227995 0.7569583791222100 0.41093070805072784
epoch:00037 28.288129450621334 0.7624415060494891 0.40725969076156615
epoch:00038 28.172184919938143 0.7564751589287496 0.4106095075607300
epoch:00039 28.513507723560350 0.7694255118336556 0.3971841990947723
epoch:00040 28.277587088747545 0.7601984823099988 0.40531212985515597
epoch:00041 28.448960733887276 0.7687503711307195 0.4020028799772263
epoch:00042 28.275634270705797 0.7602229892874192 0.40682812929153445
epoch:00043 28.464939360176032 0.7659040891528128 0.4029438436031342
epoch:00044 28.136972940502847 0.7439774157449215 0.4193930566310883
epoch:00045 28.566767220484273 0.7743076088416793 0.39295710921287536
epoch:00046 28.415563300131330 0.7689336847941247 0.39789039492607114
epoch:00047 28.583469776640783 0.7673992066347906 0.39940339624881743
epoch:00048 28.510436917960266 0.7702071887831680 0.39730119705200195
epoch:00049 28.656000713581953 0.7669194793336693 0.4002323210239410
epoch:00050 28.669710343083175 0.7672908637200213 0.40146456062793734
