epoch:1,lr:0.00010000000000000000000
epoch:2,lr:9.999911173852618e-050000
