epoch:00001 21.603721011038736 0.5117206954104054 0.6135205864906311
epoch:00002 23.342274414759043 0.6095486070668248 0.5623342752456665
epoch:00003 24.720343986158493 0.6809269199819790 0.5033695936203003
epoch:00004 25.460540915949530 0.7202466947088653 0.4559618115425110
epoch:00005 26.079965309172394 0.7453868665877399 0.4226326525211334
epoch:00006 26.768672828414758 0.7663662740166806 0.3907478928565979
epoch:00007 27.298421277941010 0.7807854367752816 0.3657266736030579
epoch:00008 27.506318172337558 0.7927091524584399 0.34263149499893186
epoch:00009 27.992495799238533 0.8021922716421658 0.3291978597640991
epoch:00010 28.171268068564757 0.8073457989958811 0.3170908510684967
epoch:00011 28.433281353318296 0.8164927950504774 0.30351129174232483
epoch:00012 28.626080801955204 0.8224194718680377 0.29501506090164187
epoch:00013 28.451665133797185 0.8260377024684136 0.2914745032787323
epoch:00014 28.865658012488318 0.8310419587866822 0.28696914613246916
epoch:00015 28.889021814799797 0.8320895391371474 0.2842705696821213
epoch:00016 28.954215166664795 0.8333877558132278 0.2810342788696289
epoch:00017 28.913543109772707 0.8352164252524867 0.28286842703819276
epoch:00018 29.014119201926110 0.8364211416405322 0.28501327633857726
epoch:00019 29.095906552506552 0.8379497762877264 0.2849038541316986
epoch:00020 29.104312259756114 0.8388939864313869 0.2820515245199203
epoch:00021 29.108686219953825 0.8384341978860304 0.2826401382684708
epoch:00022 29.092580934481294 0.8398119948527590 0.2815261721611023
epoch:00023 29.160263824797056 0.8410886188074953 0.2836520910263062
epoch:00024 29.244751303204158 0.8422713218220605 0.2822029024362564
epoch:00025 29.361399733758702 0.8446558328137289 0.2811983942985535
epoch:00026 29.388621633528533 0.8460952046691228 0.27874443531036375
epoch:00027 29.437619561908940 0.8479474019839526 0.27601657807826996
epoch:00028 29.500147102228720 0.8501418523021520 0.2762782335281372
epoch:00029 29.468960022021395 0.8492233058246018 0.2711853802204132
epoch:00030 29.626426507664000 0.8542250571145937 0.2681441992521286
epoch:00031 29.668471271854457 0.8556402118123948 0.2684918284416199
epoch:00032 29.690877813932644 0.8562313010569967 0.26327693462371826
epoch:00033 29.841293137802534 0.8597268433110156 0.2608070969581604
epoch:00034 29.775666573762805 0.8604159911748980 0.26091640293598173
epoch:00035 29.881305057129584 0.8621754847762642 0.2601581037044525
epoch:00036 29.930823899564190 0.8624137163585525 0.2554152399301529
epoch:00037 29.970787939490368 0.8635722548747145 0.25638493001461027
epoch:00038 29.960397767996067 0.8649451555578235 0.2585051029920578
epoch:00039 30.084353530727782 0.8665214002904907 0.2529937654733658
epoch:00040 30.016589085325883 0.8662336468475067 0.25254425704479216
epoch:00041 30.107667121029095 0.8670176686369148 0.2493839144706726
epoch:00042 30.135664972778690 0.8681153375911798 0.25141494572162626
epoch:00043 30.115715048221638 0.8681330651410233 0.25064008235931395
epoch:00044 30.190462984250434 0.8692741607513155 0.24659518897533417
epoch:00045 30.225623173857370 0.8703017161929558 0.24594960808753968
epoch:00046 30.186047117958754 0.8688460356494566 0.24806225299835205
epoch:00047 30.229351901945478 0.8703069458028500 0.24663334786891938
epoch:00048 30.284794768883160 0.8717809831479817 0.24539363980293274
epoch:00049 30.300553221576127 0.8717884269048820 0.24143395721912383
epoch:00050 30.281986360655186 0.8718138578574074 0.24355868399143218
epoch:00051 30.362663235998790 0.8744039523344057 0.24087314903736115
epoch:00052 30.410216596243560 0.8744126221287134 0.24183590710163116
epoch:00053 30.378680060728925 0.8738281703933710 0.2431155949831009
epoch:00054 30.436932365623164 0.8752494667190248 0.23734684884548188
epoch:00055 30.439225381953314 0.8733650757456154 0.23095630705356598
epoch:00056 30.447904737563995 0.8744731098451115 0.23836439549922944
epoch:00057 30.448611220802412 0.8754404114153918 0.2406747519969940
epoch:00058 30.488021592999410 0.8764744884131188 0.2378730893135071
epoch:00059 30.509162060664970 0.8762460077684630 0.23315890729427338
epoch:00060 30.524460292942173 0.8777964423357002 0.23508399724960327
epoch:00061 30.540501728070886 0.8776762791586077 0.23234151899814606
epoch:00062 30.614572500143304 0.8783747819893832 0.23327307999134064
epoch:00063 30.580896074188510 0.8785755812182551 0.23589061796665192
epoch:00064 30.634347311600074 0.8791144237276957 0.23117592334747314
epoch:00065 30.632092803106330 0.8790255827065773 0.23439705073833467
epoch:00066 30.677325972258167 0.8802382903187173 0.2325625777244568
epoch:00067 30.648491308857210 0.8807998245346249 0.23121308386325837
epoch:00068 30.613161728601312 0.8789371804419390 0.23386937975883484
epoch:00069 30.646131679987576 0.8801572775028405 0.23243309259414674
epoch:00070 30.677479781803650 0.8800523175271335 0.22911964356899261
epoch:00071 30.752582827366545 0.8815226205186504 0.2275137186050415
epoch:00072 30.766141115653180 0.8822081892643572 0.2289636254310608
epoch:00073 30.752132617350327 0.8813744527255022 0.2281013935804367
epoch:00074 30.778693032077562 0.8823296333266827 0.23096606731414795
epoch:00075 30.818913151990415 0.8833661174135813 0.22839249670505524
epoch:00076 30.804174432828045 0.8830196869095367 0.2300004780292511
epoch:00077 30.719374856850504 0.8811604465945058 0.2309279978275299
epoch:00078 30.754097596689917 0.8810030231770046 0.2275812029838562
epoch:00079 30.815516096936914 0.8822916500030479 0.22536395788192748
epoch:00080 30.793136376298957 0.8826936459221683 0.22931400537490845
epoch:00081 30.811250854755023 0.8826985556620283 0.2291852891445160
epoch:00082 30.850353515522876 0.8834166378258678 0.22987544536590576
epoch:00083 30.902225717343622 0.8846809189305305 0.22535030841827391
epoch:00084 30.900225756752810 0.8839689161644942 0.2290167748928070
epoch:00085 30.933455108067920 0.8848741806474291 0.2266869753599167
epoch:00086 30.935462888441528 0.8848230019103868 0.22491697371006011
epoch:00087 30.963654454822290 0.8860682791632648 0.22648651599884034
epoch:00088 30.918996990988028 0.8853166131348559 0.2247476249933243
epoch:00089 30.906094988807120 0.8836406130141977 0.22789650559425353
epoch:00090 30.925649050769614 0.8846440055407271 0.22430251836776732
epoch:00091 30.913323475556393 0.8843095983867440 0.22561790347099303
epoch:00092 30.933817369730868 0.8855426695894965 0.2242564707994461
epoch:00093 31.010485186523407 0.8864516991507262 0.22350744307041168
epoch:00094 30.793081729619168 0.8824295474022117 0.22965648770332336
epoch:00095 30.957546011433600 0.8860870903590202 0.2236750155687332
epoch:00096 30.998046476982080 0.8855135632507523 0.2233620673418045
epoch:00097 31.030041527699176 0.8869602021663914 0.22240987420082092
epoch:00098 30.987788500746994 0.8864288454325144 0.22545186877250672
epoch:00099 30.982272355649343 0.8864147627607648 0.2250865727663040
epoch:00100 30.933819599182577 0.8824448456268381 0.2180839329957962
epoch:00101 31.009788770121270 0.8870124549794447 0.22107359170913696
epoch:00102 31.049105503287870 0.8868855555783250 0.22157219052314758
epoch:00103 31.050163151875374 0.8874191633488732 0.22013587951660157
epoch:00104 30.920154037222353 0.8854430063838716 0.22656573057174684
epoch:00105 31.038857040447660 0.8872554577031024 0.22423655390739441
epoch:00106 31.027401088730965 0.8869580133625783 0.22375530898571014
epoch:00107 30.975379816166500 0.8857882034609317 0.22529750764369966
epoch:00108 31.031110049310463 0.8874343778105007 0.22352808117866516
epoch:00109 31.059171995631594 0.8877053623676143 0.22358301281929016
epoch:00110 31.063287902299010 0.8870164721971848 0.22123647928237916
epoch:00111 31.153871113542840 0.8892430992500457 0.22015778720378876
epoch:00112 31.088304281270980 0.8888037962523679 0.2208520770072937
epoch:00113 31.097780816517265 0.8878910965874638 0.22092309296131135
epoch:00114 31.090196805574106 0.8881100670845626 0.21816062331199645
epoch:00115 31.160785209026944 0.8894244251989447 0.22053662240505217
epoch:00116 31.128258873652516 0.8892996101217753 0.21924117505550383
epoch:00117 31.166159928515192 0.8889253334161993 0.21790787875652312
epoch:00118 31.115385732706862 0.8882255721584638 0.2218596637248993
epoch:00119 31.154631243679320 0.8893875023423241 0.21804790794849396
epoch:00120 31.121500329807883 0.8887086390272463 0.22213107645511626
epoch:00121 31.153085858609200 0.8889679096516343 0.21918629109859467
epoch:00122 31.214455596218150 0.8903944746225662 0.21807900369167327
epoch:00123 31.151395683182250 0.8892820317182576 0.2208808869123459
epoch:00124 31.172559962527185 0.8893630252786598 0.21677097380161287
epoch:00125 31.205868473576610 0.8892940679846729 0.21846127212047578
epoch:00126 31.141806960084494 0.8883372630475319 0.21735182404518127
epoch:00127 31.161703555030364 0.8898567901166077 0.21874790787696838
epoch:00128 31.201196158483395 0.8896648497154146 0.21904465556144714
epoch:00129 31.231907594029643 0.8903410308869555 0.2189325600862503
epoch:00130 31.205423105248137 0.8904231323255504 0.21927711069583894
epoch:00131 31.168547957383417 0.8900672265964531 0.21724745333194734
epoch:00132 31.234244257281063 0.8906636910177562 0.21600574851036072
epoch:00133 31.240229653950827 0.8903821059835257 0.2181026130914688
epoch:00134 31.214043083514138 0.8904260618688970 0.22040979862213134
epoch:00135 31.151401962382340 0.8894299987537266 0.21822171211242675
epoch:00136 31.223222659767334 0.8905236900544502 0.21750978529453277
epoch:00137 31.255117940657538 0.8912801390991778 0.21715874075889588
epoch:00138 31.212573647633786 0.8905999199092515 0.21722935736179352
epoch:00139 31.301636963967040 0.8914785216206942 0.21676299273967742
epoch:00140 31.201067340364393 0.8899476261958901 0.22067693769931793
epoch:00141 31.276545341497513 0.8912186450558128 0.21800577342510224
epoch:00142 31.176661017366968 0.8896898361175657 0.2129506766796112
epoch:00143 31.224855741053297 0.8901206730664247 0.21818394362926483
epoch:00144 31.320738792783278 0.8918050926968316 0.21430943608283998
epoch:00145 31.242067980157730 0.8902815723159389 0.21406280100345612
epoch:00146 31.307975566028450 0.8917657266007690 0.21636833250522614
epoch:00147 31.308033815103840 0.8919853665308668 0.21506608724594117
epoch:00148 31.274625970299780 0.8906324235602039 0.21726702749729157
epoch:00149 31.306128143055993 0.8912480509285838 0.2137645423412323
epoch:00150 31.296096624076494 0.8909012574615728 0.2165818452835083
epoch:00151 31.279884862112290 0.8916778358543261 0.2189709722995758
epoch:00152 31.288193227897654 0.8917147659381655 0.21502923369407653
epoch:00153 31.369182087332444 0.8927853535172987 0.21484689712524413
epoch:00154 31.302467803819120 0.8920767839336969 0.2144868016242981
epoch:00155 31.279200043389682 0.8914432415895046 0.2172563523054123
epoch:00156 31.313330302156494 0.8919698361201072 0.21546581387519836
epoch:00157 31.336686304538670 0.8923753608098636 0.21587941348552703
epoch:00158 31.374302446221883 0.8933009601125613 0.21556917428970337
epoch:00159 31.391796227474607 0.8931207971813940 0.21585407853126526
epoch:00160 31.362306658702163 0.8922434737149343 0.21308918595314025
epoch:00161 31.334435598174444 0.8920338025009433 0.21471720635890962
epoch:00162 31.351326858458343 0.8932164869673549 0.21423319578170777
epoch:00163 31.308008240457195 0.8925813114469552 0.21283283531665803
epoch:00164 31.373736751029742 0.8928728641128556 0.2101951301097870
epoch:00165 31.265942751073690 0.8909293851803609 0.21335381269454956
epoch:00166 31.414753823275582 0.8926207665306555 0.2130487561225891
epoch:00167 31.401399872031913 0.8933929661021759 0.21385589241981506
epoch:00168 31.325459828747455 0.8924175165387684 0.21466941237449647
epoch:00169 31.403454169609727 0.8933939564678977 0.21427131295204163
epoch:00170 31.428980076493540 0.8939016430581278 0.21385084390640258
epoch:00171 31.394503869227258 0.8931729348276523 0.21488532423973083
epoch:00172 31.439361850575956 0.8939254123380493 0.2134938895702362
epoch:00173 31.285162640970423 0.8909042833554149 0.21610379815101624
epoch:00174 31.428950327401720 0.8939885872716958 0.2139282315969467
epoch:00175 31.400111953190180 0.8931405849464147 0.21284690499305725
epoch:00176 31.397718687655516 0.8935697763469703 0.2137479931116104
epoch:00177 31.353891444896636 0.8933352993602103 0.21568647623062134
epoch:00178 31.369417584250947 0.8922995700693541 0.21708078384399415
epoch:00179 31.393802047714797 0.8930232459336338 0.2128922760486603
epoch:00180 31.405234796760077 0.8930637015281103 0.21231056451797486
epoch:00181 31.430775870497420 0.8937203229766407 0.2106619030237198
epoch:00182 31.447960470789678 0.8939200512758280 0.21254635751247405
epoch:00183 31.415180540543180 0.8931078069126774 0.21602213382720947
epoch:00184 31.434943360765395 0.8946619074460352 0.21409423351287843
epoch:00185 31.342489019314748 0.8920316768572766 0.2159922093153000
epoch:00186 31.459221882208436 0.8939934926645007 0.2120112419128418
epoch:00187 31.481115789050108 0.8943658626454069 0.21161829829216003
epoch:00188 31.466334296638470 0.8940364359643768 0.2108021765947342
epoch:00189 31.426846810229797 0.8934374497003794 0.2138803243637085
epoch:00190 31.482594231503697 0.8946230173184478 0.21355623602867127
epoch:00191 31.436795802300650 0.8941533021953229 0.21061832904815675
epoch:00192 31.474375302030488 0.8943995049342377 0.2117072880268097
epoch:00193 31.377548924392120 0.8923568015503991 0.21248847246170044
epoch:00194 31.442856570297938 0.8939942942065245 0.21038060486316681
epoch:00195 31.472939610474754 0.8945559435448047 0.21073771119117737
epoch:00196 31.452493764118394 0.8943821204801322 0.21587513089179994
epoch:00197 31.476722704816403 0.8951407066545519 0.21414514183998107
epoch:00198 31.446315971513712 0.8946320817748482 0.2142067790031433
epoch:00199 31.433255096473070 0.8941631373079600 0.21278314292430878
epoch:00200 31.508521961102110 0.8944368325844858 0.2131024956703186
epoch:00201 31.445551728119995 0.8936992528834036 0.20909494161605835
epoch:00202 31.447809452988830 0.8942893651116460 0.2139313966035843
epoch:00203 31.453348805140840 0.8944839238757734 0.21273514330387117
epoch:00204 31.434829342473870 0.8945669308763632 0.2098059058189392
epoch:00205 31.449791791388684 0.8944061322453500 0.21193871200084685
epoch:00206 31.501149813769224 0.8950366890837115 0.21077376306056977
epoch:00207 31.482073240708825 0.8946053852765801 0.2124844491481781
epoch:00208 31.409628298140444 0.8935659539173857 0.2120471030473709
epoch:00209 31.465837916180494 0.8949087433232237 0.21224233210086824
epoch:00210 31.513139287030377 0.8948017280111534 0.21149191558361052
epoch:00211 31.315390269544140 0.8934453417891793 0.2123769551515579
epoch:00212 31.496501346861873 0.8949219518960734 0.21023788154125214
epoch:00213 31.416606057502385 0.8944931627307733 0.21144961714744567
epoch:00214 31.426008671034925 0.8938847549322977 0.21727897524833678
epoch:00215 31.453308932429287 0.8946847690957952 0.2142189472913742
epoch:00216 31.494211858632760 0.8949068121599936 0.21441808342933655
epoch:00217 31.491372686185976 0.8948353364961822 0.21331144273281097
epoch:00218 31.509600591955240 0.8951400519686057 0.2094649374485016
epoch:00219 31.482143417673380 0.8949866195995600 0.21188715994358062
epoch:00220 31.521256011683970 0.8952879717915811 0.20945186913013458
epoch:00221 31.539870244674272 0.8959950828047338 0.21129608452320098
epoch:00222 31.527855107915634 0.8948974902601379 0.2114355057477951
epoch:00223 31.527226695015270 0.8955693320493856 0.21147021055221557
epoch:00224 31.494050578300595 0.8950975291212794 0.2122585266828537
epoch:00225 31.546221833592192 0.8959164419213875 0.2095319539308548
epoch:00226 31.480993685921533 0.8951974018222393 0.20898963809013366
epoch:00227 31.512000993929284 0.8955114690129786 0.2112470567226410
epoch:00228 31.440897101705303 0.8942319370104321 0.21029049754142762
epoch:00229 31.495156241867427 0.8955439560119551 0.21234734058380128
epoch:00230 31.527336008497144 0.8953045817890413 0.21167274713516235
epoch:00231 31.518711389385032 0.8950182149958505 0.21097634434700013
epoch:00232 31.512518124609937 0.8944003113191078 0.21561515033245088
epoch:00233 31.532993910161900 0.8949651316784465 0.2107069343328476
epoch:00234 31.612997068723580 0.8965545290752315 0.21163508296012878
epoch:00235 31.565452510102613 0.8958567599332786 0.2104541301727295
epoch:00236 31.579530847963080 0.8961064239727407 0.21064825654029845
epoch:00237 31.477658251487593 0.8947571285778627 0.2124842584133148
epoch:00238 31.575214888823655 0.8959769039455902 0.21128435134887696
epoch:00239 31.559554170985790 0.8958762750933967 0.2118406265974045
epoch:00240 31.573356292843698 0.8960356100841173 0.21032378673553467
epoch:00241 31.489582590581040 0.8945650830883650 0.20906792879104613
epoch:00242 31.548667497630210 0.8956538348765137 0.21028746366500856
epoch:00243 31.568575167460644 0.8945901008640289 0.20721371173858644
epoch:00244 31.612558951521113 0.8969242218882165 0.2086278349161148
epoch:00245 31.595944445264450 0.8962592708439550 0.20911721587181092
epoch:00246 31.601742463680512 0.8964632554647220 0.2101031333208084
epoch:00247 31.512319392287356 0.8954267171380424 0.21128492653369904
epoch:00248 31.567507146131920 0.8958078459239587 0.20913721323013307
epoch:00249 31.603035392387360 0.8961216833263144 0.2080097973346710
epoch:00250 31.523412567613764 0.8959022950243190 0.2120594084262848
epoch:00251 31.590665446416880 0.8960349141926631 0.21120408773422242
epoch:00252 31.559854846320867 0.8960642867452862 0.20985259711742402
epoch:00253 31.635717957720280 0.8971137240680124 0.20904265940189362
epoch:00254 31.608437332702902 0.8962971743729838 0.20677534639835357
epoch:00255 31.569001924511845 0.8963906475947558 0.2099362850189209
epoch:00256 31.545618240061675 0.8954660218683129 0.21220206022262572
epoch:00257 31.532951924863966 0.8956118623453074 0.20890844166278838
epoch:00258 31.597734013258513 0.8963863631603562 0.21033779084682463
epoch:00259 31.604892760304970 0.8966234996321873 0.21029713451862336
epoch:00260 31.472753175240086 0.8949316578612052 0.2109041154384613
epoch:00261 31.557535463757155 0.8961644456415063 0.21005018055438995
epoch:00262 31.587589708456996 0.8965601781189342 0.21094614565372466
epoch:00263 31.631596720978433 0.8966368357318426 0.2092399388551712
epoch:00264 31.637152152690277 0.8972479293688209 0.20912386775016784
epoch:00265 31.597715300204197 0.8965356098448746 0.21229484677314758
epoch:00266 31.612933911575954 0.8966407275568804 0.20860269367694856
epoch:00267 31.579483317617996 0.8960228176527846 0.2094804048538208
epoch:00268 31.625191475210690 0.8966148881842768 0.2095613569021225
epoch:00269 31.649127592460523 0.8974663747706504 0.20687762200832366
epoch:00270 31.481432990384228 0.8939072288649135 0.20828247368335723
epoch:00271 31.606984461420403 0.8966540108179613 0.21008508205413817
epoch:00272 31.598667519823568 0.8969371049937894 0.2108303040266037
epoch:00273 31.626917002473494 0.8968440699175323 0.21147277057170868
epoch:00274 31.608042073650080 0.8967090562020820 0.2091555118560791
epoch:00275 31.630261719411470 0.8967019108645788 0.20946696698665618
epoch:00276 31.608079230126936 0.8969066887652207 0.20812123119831086
epoch:00277 31.641529901968670 0.8974122746565293 0.2110663890838623
epoch:00278 31.653039381477726 0.8972734603962378 0.20910091400146485
epoch:00279 31.617344490188640 0.8966816042869356 0.20897815823554994
epoch:00280 31.551703995888364 0.8957066372745570 0.20781617164611815
epoch:00281 31.542064900922924 0.8958064559134586 0.21111117005348207
epoch:00282 31.634050610758653 0.8972744122313496 0.20924992263317108
epoch:00283 31.617186476529150 0.8969593244474593 0.2099729597568512
epoch:00284 31.574107236394838 0.8965745058574921 0.2106976568698883
epoch:00285 31.623878843063340 0.8969066254062042 0.2072800353169441
epoch:00286 31.597084598094007 0.8967966304095295 0.2082061529159546
epoch:00287 31.575239293459740 0.8960866863430716 0.21024035811424255
epoch:00288 31.620958788625934 0.8965503054958853 0.20938580334186555
epoch:00289 31.578662762412970 0.8964716416189125 0.20850503146648408
epoch:00290 31.648509669874937 0.8970361882906144 0.2092687189579010
epoch:00291 31.635249688200350 0.8975621824678225 0.20976035594940184
epoch:00292 31.608763203939370 0.8970147456298158 0.20760975778102875
epoch:00293 31.582705639426337 0.8965339322130698 0.21013377606868744
epoch:00294 31.685146535338085 0.8975556578542252 0.20891150832176208
epoch:00295 31.595140266960044 0.8959818493854078 0.2098132014274597
epoch:00296 31.653222224776606 0.8971780021909389 0.20933312475681304
epoch:00297 31.493108055814060 0.8945383112822389 0.2089582085609436
epoch:00298 31.659969494072090 0.8975429496359737 0.20859575569629668
epoch:00299 31.684176892831886 0.8977069693445845 0.20892664194107055
epoch:00300 31.673910444318942 0.8973444263585615 0.20895627439022063
epoch:00301 31.688323333563723 0.8972756964462212 0.20759266018867492
epoch:00302 31.611559704671436 0.8966417406803083 0.20896194577217103
epoch:00303 31.694588187525774 0.8978748300926472 0.20840731561183928
epoch:00304 31.680202355123253 0.8977408547869306 0.20970363914966583
epoch:00305 31.654875742575620 0.8976584820880971 0.20859166979789734
epoch:00306 31.688622899506203 0.8976464221901388 0.2089805155992508
epoch:00307 31.652453629211003 0.8976242337738123 0.20878949463367463
epoch:00308 31.639809563136613 0.8970730069961025 0.2110087603330612
epoch:00309 31.672220149829222 0.8973306043756853 0.20739239156246186
epoch:00310 31.630261144751840 0.8963954873098796 0.21025754809379577
epoch:00311 31.655871780239057 0.8976015129023889 0.2076218068599701
epoch:00312 31.639333265572900 0.8973398224850768 0.2080807775259018
epoch:00313 31.717381926148597 0.8981966315776513 0.20789990127086638
epoch:00314 31.659647598941000 0.8978688530026459 0.2070994943380356
epoch:00315 31.668290597448200 0.8973946564068005 0.20917876958847045
epoch:00316 31.638429367179377 0.8973223364359487 0.21161580085754395
epoch:00317 31.615478942501987 0.8974307280438035 0.20767065435647963
epoch:00318 31.646140949399506 0.8967356923403393 0.20903372168540954
epoch:00319 31.691430195893815 0.8982282678832206 0.20821381807327272
epoch:00320 31.689912046546160 0.8978817565852781 0.21031903624534606
epoch:00321 31.699143006958355 0.8979117129954763 0.21127468347549438
epoch:00322 31.702517921650866 0.8976728594273344 0.2064540594816208
epoch:00323 31.696648582744263 0.8979360402439969 0.2080774188041687
epoch:00324 31.564767238349948 0.8960130175024753 0.2109485924243927
epoch:00325 31.677698941673130 0.8980136294262555 0.20930482745170592
epoch:00326 31.633926589428370 0.8970970098659015 0.20723786652088166
epoch:00327 31.645775701448030 0.8974289553790735 0.20799241065979004
epoch:00328 31.712888846534998 0.8982775552212544 0.20838984549045564
epoch:00329 31.628639471173887 0.8972348491998410 0.20997633934020996
epoch:00330 31.628399649602706 0.8969719500762640 0.21397172510623932
epoch:00331 31.656724697439067 0.8978358933999788 0.20800392627716063
epoch:00332 31.701075810963550 0.8977183700616385 0.2090858042240143
epoch:00333 31.600747513726370 0.8969673539033538 0.20939235687255858
epoch:00334 31.686625449045835 0.8977259941735198 0.21055491268634796
epoch:00335 31.671362727631724 0.8974563467156289 0.2060654342174530
epoch:00336 31.689020931001146 0.8975192760759254 0.21036621928215027
epoch:00337 31.702695180902190 0.8985772107623362 0.2068493038415909
epoch:00338 31.647777759494467 0.8972365682645634 0.20847328305244445
epoch:00339 31.679756429980586 0.8976991331528179 0.20812691152095794
epoch:00340 31.712454732384863 0.8979617000395347 0.2086715042591095
epoch:00341 31.665259710415853 0.8975591094143699 0.21106619536876678
epoch:00342 31.672222306055357 0.8977078346900058 0.21036910712718965
epoch:00343 31.715184702550168 0.8986628572590467 0.20750744938850402
epoch:00344 31.712401843432030 0.8983526186216102 0.2084171235561371
epoch:00345 31.593863368839248 0.8968602480425293 0.20788857936859131
epoch:00346 31.719951396145880 0.8983738541307350 0.20768066644668579
epoch:00347 31.693254787280786 0.8984794000236933 0.20646795332431794
epoch:00348 31.722228546723755 0.8986974610464925 0.20854989290237427
epoch:00349 31.712654365477032 0.8988330822862018 0.20711943805217742
epoch:00350 31.715922798589980 0.8984044785835756 0.20812245905399324
epoch:00351 31.736106863360977 0.8987519595481889 0.20683251917362214
epoch:00352 31.699980970444273 0.8977121005059804 0.20619027614593505
epoch:00353 31.721061764659850 0.8985555141847140 0.2073695808649063
epoch:00354 31.671440303022262 0.8976916577536003 0.20956579148769378
epoch:00355 31.742876508570040 0.8985251217322755 0.20675094425678253
epoch:00356 31.714733916999997 0.8981990285523537 0.20817627459764482
epoch:00357 31.744347357106477 0.8989279498672424 0.20820886492729188
epoch:00358 31.712968501836656 0.8977545377444012 0.20955620408058168
epoch:00359 31.734630013129582 0.8988760425101402 0.2076866626739502
epoch:00360 31.642012226403722 0.8974695059007602 0.20882368087768555
epoch:00361 31.668474748870626 0.8974873295568951 0.2088246226310730
epoch:00362 31.696114328975636 0.8976998896360868 0.20944683253765106
epoch:00363 31.737889500272473 0.8985775016003673 0.20825374871492386
epoch:00364 31.724068131013713 0.8984824605219751 0.20907896757125854
epoch:00365 31.720546077710150 0.8984484616349088 0.20789025127887725
epoch:00366 31.698735875610810 0.8981705803291964 0.2086417555809021
epoch:00367 31.691459182613812 0.8984888045664317 0.20791095942258836
epoch:00368 31.697461737911830 0.8982299162376549 0.20857029259204865
epoch:00369 31.764997017482273 0.8989583869826865 0.20719614624977112
epoch:00370 31.748485080520550 0.8987922852525791 0.2071717470884323
epoch:00371 31.715030846800524 0.8975622402761794 0.2100996792316437
epoch:00372 31.761646509566077 0.8988774176552091 0.20693270862102509
epoch:00373 31.710454117803657 0.8977904398949852 0.20742569267749786
epoch:00374 31.736148098616090 0.8985691343910158 0.20791350305080414
epoch:00375 31.671003483424660 0.8978163306008545 0.20734384059906005
epoch:00376 31.717949824213697 0.8982212973065508 0.2066965103149414
epoch:00377 31.687884294032690 0.8982058723787769 0.2071267381310463
epoch:00378 31.744310343428992 0.8990487470884931 0.20755868256092072
epoch:00379 31.740616826801290 0.8988807217388002 0.2073914438486099
epoch:00380 31.729148228669242 0.8985387588514253 0.20891395807266236
epoch:00381 31.747744607346892 0.8988005032047255 0.2084546834230423
epoch:00382 31.733794052254040 0.8991280806310131 0.20838422775268556
epoch:00383 31.669525979448680 0.8974155315991007 0.20695444345474243
epoch:00384 31.724181884946642 0.8985193836376588 0.20834718644618988
epoch:00385 31.675592152510017 0.8979501886240744 0.2078112393617630
epoch:00386 31.761524025352310 0.8989791833131949 0.20760180056095123
epoch:00387 31.788372224701675 0.8995530079432020 0.20660713016986848
epoch:00388 31.706586259032584 0.8982353516257732 0.20654536336660384
epoch:00389 31.761263785965063 0.8984146412057277 0.20622963309288025
epoch:00390 31.739960866675810 0.8989087533756595 0.2067742407321930
epoch:00391 31.741232518252026 0.8985526559845276 0.20791172981262207
epoch:00392 31.708943264797010 0.8985780182856218 0.20882524251937867
epoch:00393 31.745925525056850 0.8989303744763649 0.20814376771450044
epoch:00394 31.756329426582560 0.8991516761251447 0.20633694529533386
epoch:00395 31.771391496966697 0.8992742514610697 0.20726717114448548
epoch:00396 31.726349026603156 0.8983232237290520 0.20813270062208175
epoch:00397 31.751147485582578 0.8986145185129647 0.20685442090034484
epoch:00398 31.725124616914910 0.8983776207330403 0.20562751591205597
epoch:00399 31.775135721070740 0.8989849289172881 0.2065490871667862
epoch:00400 31.767865291110052 0.8989687021943812 0.20743221938610076
epoch:00401 31.789428389712448 0.8991460686063049 0.20787944495677949
epoch:00402 31.781270727662825 0.8989460766868047 0.2075037270784378
epoch:00403 31.768282399829538 0.8994779472839838 0.20663337409496307
epoch:00404 31.731361661719028 0.8987329380032897 0.20700573325157165
epoch:00405 31.768390825303960 0.8985427307787498 0.20728736817836763
epoch:00406 31.785065828915265 0.8994454225609514 0.20798190981149672
epoch:00407 31.790606341670554 0.8990003408607233 0.2081336185336113
epoch:00408 31.773043577932082 0.8988448883754205 0.20594831705093383
epoch:00409 31.766731802036695 0.8986739457972455 0.20666054189205169
epoch:00410 31.780602343783734 0.8990715953030255 0.2061468705534935
epoch:00411 31.805935395097794 0.8993036585999820 0.20704911053180694
epoch:00412 31.798117051082453 0.8989864997678717 0.20699088871479035
epoch:00413 31.790212532682744 0.8993820050911797 0.20805238485336303
epoch:00414 31.749260499973854 0.8985980180023357 0.20739810466766356
epoch:00415 31.712087382156064 0.8979694049217745 0.2069343090057373
epoch:00416 31.799240768140130 0.8995659274745241 0.2081783115863800
epoch:00417 31.817725306761588 0.8996480835631420 0.20584769248962403
epoch:00418 31.792642414342254 0.8991084935127042 0.20665934532880784
epoch:00419 31.702129660093902 0.8981592621164267 0.20799354314804078
epoch:00420 31.745159426173565 0.8989414806270173 0.20676250159740447
epoch:00421 31.792690758049060 0.8992921022437244 0.20675499439239503
epoch:00422 31.744782682146450 0.8986830816722398 0.20667007714509963
epoch:00423 31.727070328349594 0.8982854859371032 0.20691427886486052
epoch:00424 31.785303825081986 0.8992950029951802 0.20727680921554564
epoch:00425 31.810134993585468 0.8995165544619901 0.20525123178958893
epoch:00426 31.784262884229417 0.8992819363168267 0.20647596567869186
epoch:00427 31.813621698556073 0.8994816995864611 0.20627521276473998
epoch:00428 31.785779441052830 0.8995345896079730 0.2064325839281082
epoch:00429 31.771194370907430 0.8986492656550912 0.2093474566936493
epoch:00430 31.794343119833364 0.8994170732667669 0.20689748227596283
epoch:00431 31.738647034867360 0.8986314968020483 0.20707218199968339
epoch:00432 31.742353702676173 0.8990226075496496 0.2056710511445999
epoch:00433 31.772800173217274 0.8989777377098221 0.20649259984493257
epoch:00434 31.801728701136930 0.8996603428613474 0.2065475881099701
epoch:00435 31.814106079776530 0.8993800399762071 0.20670053362846375
epoch:00436 31.769010951746555 0.8991844048366092 0.20550012290477754
epoch:00437 31.759902975472123 0.8990892655345244 0.20572809278964996
epoch:00438 31.801104335134646 0.8993534842861953 0.20590883046388625
epoch:00439 31.725314287292530 0.8985498191534728 0.20693703293800353
epoch:00440 31.836072923935284 0.8998389523091148 0.20576864033937453
epoch:00441 31.769734789913844 0.8990081115344649 0.20834506452083587
epoch:00442 31.805036003462920 0.8991520602599541 0.2084353819489479
epoch:00443 31.815209988172388 0.8997652834982995 0.20681081116199493
epoch:00444 31.769167645825707 0.8990704573456958 0.20790442526340486
epoch:00445 31.802372614658527 0.8996128405255124 0.2070973813533783
epoch:00446 31.748740878334008 0.8992048690552557 0.20618885159492492
epoch:00447 31.811139889253460 0.8994573410596567 0.20691684931516646
epoch:00448 31.817983081589176 0.8993098208389027 0.20781485736370087
epoch:00449 31.824399515095216 0.8997977106174175 0.2066379889845848
epoch:00450 31.782920239621557 0.8994499472034171 0.20742536187171937
epoch:00451 31.777208088272225 0.8990505073146003 0.2073517382144928
epoch:00452 31.829140099184230 0.9001720775046657 0.20687818825244902
epoch:00453 31.804246324368478 0.8995711617603911 0.2054394245147705
epoch:00454 31.806526161212627 0.8997715714454759 0.20637664198875427
epoch:00455 31.781946916222978 0.8994972516073847 0.20544163584709169
epoch:00456 31.794053973648480 0.8988842071368867 0.20967502295970916
epoch:00457 31.792526798185390 0.8997235121753349 0.2054469794034958
epoch:00458 31.758553152341090 0.8991910538916125 0.20720271170139312
epoch:00459 31.782411912082750 0.8995772341355502 0.20627484917640687
epoch:00460 31.764558918046372 0.8991350531124953 0.20608061254024507
epoch:00461 31.813671580189443 0.8997620540123984 0.20665953159332276
epoch:00462 31.818707504778400 0.8996846383511548 0.20422794222831725
epoch:00463 31.798996188201710 0.8996262884409030 0.20550685971975327
epoch:00464 31.841197651563630 0.8997679984489608 0.2074637770652771
epoch:00465 31.799835652454995 0.8991117629002521 0.20614009201526642
epoch:00466 31.815316936775606 0.8996764028227868 0.2059398904442787
epoch:00467 31.807232894435952 0.8992876383531379 0.20823609232902526
epoch:00468 31.810410762882963 0.8996747732256989 0.20527161359786988
epoch:00469 31.805600265028847 0.8993806194633358 0.2063244938850403
epoch:00470 31.808090500603857 0.8997413605198779 0.2059970721602440
epoch:00471 31.816056888652337 0.8999273180715706 0.20636777579784393
epoch:00472 31.777261241457154 0.8992085099359960 0.2061675339937210
epoch:00473 31.785216994105326 0.8994220401284284 0.20628943145275117
epoch:00474 31.809944619598458 0.8999276483914288 0.20812198519706726
epoch:00475 31.806749116631607 0.8997289740418537 0.20562251508235932
epoch:00476 31.785339713815624 0.8994099867059091 0.20689812898635865
epoch:00477 31.810463173961740 0.8997294412242948 0.20631943345069886
epoch:00478 31.801312899564580 0.8993097836594321 0.20779772251844406
epoch:00479 31.806094545397578 0.8995475015952182 0.2053951308131218
epoch:00480 31.794337955918394 0.8998401253175947 0.20662854462862015
epoch:00481 31.814602513786120 0.8999838161117320 0.20486652851104736
epoch:00482 31.792834985012966 0.8991082216892344 0.21032267510890962
epoch:00483 31.817639448359720 0.9001730724302854 0.20601954460144042
epoch:00484 31.837768165613756 0.9000183862958890 0.20613215863704681
epoch:00485 31.786875413943488 0.8998559813705997 0.2061696395277977
epoch:00486 31.704835644724106 0.8980621329183315 0.2107393890619278
epoch:00487 31.804190240609387 0.8997933602638131 0.20611917674541474
epoch:00488 31.835892068474084 0.9001456107772663 0.2070758819580078
epoch:00489 31.840506371233090 0.9001607114374110 0.2055122286081314
epoch:00490 31.799659468461403 0.8994767419919640 0.20906336903572081
epoch:00491 31.807594016756514 0.8995650186817958 0.20628562569618225
epoch:00492 31.838596987917015 0.9001743814528084 0.20722568929195403
epoch:00493 31.802639450995457 0.8995911648041874 0.20612820833921433
epoch:00494 31.821897144906520 0.8998886519829970 0.2064037322998047
epoch:00495 31.821137447818984 0.8996540499409971 0.2052353397011757
epoch:00496 31.834715134184773 0.8999099414305913 0.20632537007331847
epoch:00497 31.810867438053673 0.8996977692722572 0.20649098753929138
epoch:00498 31.828901379702216 0.9001392818435215 0.2078569859266281
epoch:00499 31.786069299460667 0.8996604577135570 0.20751481801271437
epoch:00500 31.833315166084947 0.8997448144345469 0.20679849982261658
epoch:00501 31.795004731764067 0.8996525477977286 0.20613307356834412
epoch:00502 31.828467495085910 0.8999115341395445 0.20717330873012543
epoch:00503 31.805321162850667 0.8996600703771268 0.20690619051456452
epoch:00504 31.808047585814517 0.8994921192049471 0.20723061859607697
epoch:00505 31.765199362416656 0.8993674040439341 0.2069425791501999
epoch:00506 31.826820957851396 0.8997264028203025 0.20748708844184877
epoch:00507 31.766057958656860 0.8992433704924336 0.20639842748641968
epoch:00508 31.799050928698485 0.9002014262066798 0.20512338280677794
epoch:00509 31.802334090883722 0.8999684195572236 0.20424502491950988
epoch:00510 31.851882768616840 0.9004930134624505 0.20461493134498596
epoch:00511 31.803586645465990 0.8995871931514143 0.2051435574889183
epoch:00512 31.823357140854228 0.9001442576769708 0.20620830953121186
epoch:00513 31.823756654948520 0.9000375430238270 0.20579946041107178
epoch:00514 31.844871777937790 0.9001998749172270 0.20456615835428238
epoch:00515 31.886911407730167 0.9007195550471524 0.20512028336524962
epoch:00516 31.831690814375190 0.9000641326857621 0.2060799777507782
epoch:00517 31.844638445004990 0.9000207370466089 0.2056717798113823
epoch:00518 31.839592509584770 0.9000749218476554 0.2062391459941864
epoch:00519 31.831223699597360 0.8998410684883037 0.20601612627506255
epoch:00520 31.797274158310564 0.8998668832941382 0.20444602221250535
epoch:00521 31.864401965403136 0.9004851695061638 0.20601789951324462
epoch:00522 31.784722817829913 0.8989933741372438 0.20864076912403107
epoch:00523 31.863666804696585 0.9005599619895328 0.20530160069465636
epoch:00524 31.895259627494426 0.9006049011196250 0.2049907237291336
epoch:00525 31.833772926363213 0.9002575557199837 0.20536467730998992
epoch:00526 31.856276041602843 0.9002320303173057 0.2055590718984604
epoch:00527 31.861254616730810 0.9004462155231738 0.2064180403947830
epoch:00528 31.867639379159620 0.9004348568235976 0.20641143023967742
epoch:00529 31.855353225243230 0.9006020349003357 0.2063607916235924
epoch:00530 31.847371136729873 0.9000874756628022 0.20743005722761154
epoch:00531 31.823238171387410 0.9000044330039593 0.20580554604530335
epoch:00532 31.850365328576260 0.9006694863381780 0.20577961206436157
epoch:00533 31.853569387340023 0.8999657043843591 0.20570522546768188
epoch:00534 31.861094937380910 0.9002540481441438 0.2069846898317337
epoch:00535 31.837852892833040 0.9000310522973592 0.20607972592115403
epoch:00536 31.835525479824234 0.8997761051615955 0.20427780449390412
epoch:00537 31.847171052363320 0.9003495035049811 0.20575887113809585
epoch:00538 31.881941806614105 0.9005042281220126 0.20714607387781142
epoch:00539 31.805518082684056 0.8994005551290396 0.2076540470123291
epoch:00540 31.864371558246320 0.9004053066470086 0.20508406013250352
epoch:00541 31.903912791851173 0.9009505350219026 0.2044495925307274
epoch:00542 31.860601110497765 0.9002724439367288 0.2066022902727127
epoch:00543 31.875973636115140 0.9004926848463309 0.20570555478334426
epoch:00544 31.847127226798620 0.9000778770658346 0.2068108379840851
epoch:00545 31.871381046935635 0.9005395426838252 0.20659323036670685
epoch:00546 31.868668466523026 0.9005466747259442 0.20577754974365234
epoch:00547 31.823868316897410 0.8996312901072263 0.20588053464889527
epoch:00548 31.826561018581250 0.8999559199652396 0.2067471146583557
epoch:00549 31.823894410259136 0.8999465054859345 0.20568137466907502
epoch:00550 31.803804905835744 0.8997437221711060 0.20765439420938492
epoch:00551 31.901191951392782 0.9003994850315458 0.20588738918304444
epoch:00552 31.872168254893076 0.9002447546988105 0.20785561800003052
epoch:00553 31.860544802036145 0.9002831765860175 0.2054648593068123
epoch:00554 31.862156072770460 0.9005361948160298 0.20476282984018326
epoch:00555 31.843501495858607 0.8997704473125084 0.2081793263554573
epoch:00556 31.876542946814162 0.9005390780228518 0.20560851395130159
epoch:00557 31.899802091407444 0.9009204926295562 0.20669640600681305
epoch:00558 31.847646775537537 0.9005689700862535 0.2071491986513138
epoch:00559 31.851022850454207 0.9001702936434434 0.20542769730091096
epoch:00560 31.841661112043823 0.9000806645681323 0.20606287717819213
epoch:00561 31.898530458119176 0.9007510345903669 0.2060410812497139
epoch:00562 31.864588583884760 0.9006889638290841 0.20427027940750123
epoch:00563 31.866082734214576 0.9003674879762558 0.20772707760334014
epoch:00564 31.860950770241004 0.9004982447835614 0.20537880957126617
epoch:00565 31.886544059871550 0.9006609333559890 0.20568844079971313
epoch:00566 31.854351821256454 0.9008460795898493 0.2050310939550400
epoch:00567 31.865750394168646 0.9007956434483709 0.20517986863851548
epoch:00568 31.893141067127290 0.9009786155812515 0.20686476528644562
epoch:00569 31.858559097299530 0.9005847326853601 0.20610719919204712
epoch:00570 31.881296186805752 0.9009255220937746 0.20572722852230071
epoch:00571 31.891659330457050 0.9007011129001302 0.20574069321155547
epoch:00572 31.885625318772090 0.9009971560800464 0.2054031327366829
epoch:00573 31.876897691462318 0.9003451512630661 0.20771967768669128
epoch:00574 31.861415449136047 0.9005904729745178 0.2033790886402130
epoch:00575 31.918095592511644 0.9010697257623244 0.20578122437000274
epoch:00576 31.920902906319288 0.9008750784358106 0.20545827150344848
epoch:00577 31.872515817529575 0.9007574274319099 0.20648597180843353
epoch:00578 31.868667202831023 0.9005415388938183 0.20636317133903503
epoch:00579 31.839031279107918 0.9001790759940462 0.2070128321647644
epoch:00580 31.864560008908530 0.9006582326388006 0.2065364420413971
epoch:00581 31.870299931393095 0.9004276785785728 0.2064938247203827
epoch:00582 31.899025082061293 0.9010009599051330 0.20479264557361604
epoch:00583 31.865903477325606 0.9006040723847377 0.20642631500959396
epoch:00584 31.906951695438277 0.9009416971287383 0.20392749905586244
epoch:00585 31.926183689217662 0.9010816464783533 0.2044655591249466
epoch:00586 31.879101605747670 0.9008517314019352 0.20469121932983397
epoch:00587 31.800457169032164 0.8998354395609889 0.20737074911594391
epoch:00588 31.875216907949145 0.9009706172783408 0.2044112950563431
epoch:00589 31.850462161567815 0.9008963893235448 0.2041590243577957
epoch:00590 31.886292529124592 0.9008355125112224 0.2053193598985672
epoch:00591 31.809453293024660 0.8995610320793146 0.20544889867305755
epoch:00592 31.890855370543670 0.9008175399695260 0.2052575796842575
epoch:00593 31.876307169245955 0.9006039839008550 0.20500928461551665
epoch:00594 31.867180740557700 0.9004021999096556 0.20675274431705476
epoch:00595 31.872415003465477 0.9007636416511987 0.2059622138738632
epoch:00596 31.894047885998740 0.9008362984593322 0.20492148399353027
epoch:00597 31.901299459842440 0.9008607583094680 0.20582756400108337
epoch:00598 31.904002488717660 0.9011913736671018 0.20475689470767974
epoch:00599 31.882815184156480 0.9007726228364964 0.20687211751937867
epoch:00600 31.826680535688087 0.8997725389662431 0.2070474162697792
epoch:00601 31.839680356079960 0.9004867277150164 0.20577041655778885
epoch:00602 31.820937981907292 0.8996743497176389 0.20601541697978973
epoch:00603 31.864386904066244 0.9005747308956480 0.20695608109235764
epoch:00604 31.894785064848882 0.9009974883298583 0.20587099194526673
epoch:00605 31.902320375551533 0.9010753413453758 0.20576867759227752
epoch:00606 31.882033461149952 0.9007518155396090 0.2067749947309494
epoch:00607 31.876554637880105 0.9006479198493137 0.20527853518724443
epoch:00608 31.924429412156474 0.9010056909477836 0.20621525943279267
epoch:00609 31.860381483263240 0.8998162572552001 0.20928187817335128
epoch:00610 31.889883370794184 0.9008515563365593 0.20618869364261627
epoch:00611 31.893677040870926 0.9009553707571907 0.20574593544006348
epoch:00612 31.897348667021458 0.9009997227173070 0.20588010251522065
epoch:00613 31.858374206717126 0.9005555640212443 0.20716405808925628
epoch:00614 31.831964055333323 0.9000385437617762 0.20441519767045974
epoch:00615 31.869431521975990 0.9009396807716309 0.2055443674325943
epoch:00616 31.870980605370505 0.9006472836534648 0.2072262793779373
epoch:00617 31.870215167786313 0.9006747609124780 0.2067158818244934
epoch:00618 31.868575616993276 0.9007134419549334 0.2063198283314705
epoch:00619 31.888399933858892 0.9001430377661862 0.20158941447734832
epoch:00620 31.843347434958060 0.9005935031504885 0.20590431094169617
epoch:00621 31.878555915908700 0.9007371144784200 0.2065524563193321
epoch:00622 31.881045669081647 0.9006043068415759 0.20498281419277192
epoch:00623 31.900694031132320 0.9011428747746091 0.20488074272871018
epoch:00624 31.895905745848843 0.9010574158464217 0.2054712474346161
epoch:00625 31.918122906187772 0.9010727072227412 0.20644595921039582
epoch:00626 31.885957268517814 0.9007018182793789 0.20516422539949417
epoch:00627 31.884367927247560 0.9006770472904473 0.2065906122326851
epoch:00628 31.907632351248600 0.9011210794180118 0.2062423512339592
epoch:00629 31.930918068430050 0.9013753572749603 0.2044142723083496
epoch:00630 31.910091308656810 0.9009789876621290 0.20546465814113618
epoch:00631 31.862103955538040 0.9000488001517086 0.20743402540683747
epoch:00632 31.907994281733400 0.9011464262709739 0.20562773048877717
epoch:00633 31.894758300025398 0.9008500809664988 0.20596990883350372
epoch:00634 31.906664833737505 0.9008950547186408 0.20543791651725768
epoch:00635 31.887186290680035 0.9011598421669043 0.20612097680568695
epoch:00636 31.878574894105384 0.9006720680337688 0.20489983409643173
epoch:00637 31.857673460707097 0.9007959797683378 0.2056855469942093
epoch:00638 31.920423741836410 0.9012733296314999 0.20488855838775635
epoch:00639 31.913110548452730 0.9007728282250757 0.2075388491153717
epoch:00640 31.913876508090834 0.9013858235834643 0.20552822351455688
epoch:00641 31.882379957474400 0.9004585337414417 0.20565685033798217
epoch:00642 31.894487940058990 0.9008641191430685 0.20523292124271392
epoch:00643 31.887295993528700 0.9008953759770968 0.2054087370634079
epoch:00644 31.908695156335500 0.9008317581606278 0.20434777140617372
epoch:00645 31.901357645979970 0.9009099918377667 0.20519008189439775
epoch:00646 31.898200166368902 0.9009760559942489 0.20750545263290404
epoch:00647 31.900118603209990 0.9006753477702741 0.20642503798007966
epoch:00648 31.913147065938148 0.9014805253652766 0.2050118252635002
epoch:00649 31.912354996720960 0.9013595890495767 0.2048426717519760
epoch:00650 31.868317020213727 0.9008226890040543 0.20602526366710663
epoch:00651 31.892326876478810 0.9007005980000201 0.20672816336154937
epoch:00652 31.914442631585990 0.9012057963098122 0.20527581572532655
epoch:00653 31.910402885610900 0.9010518543652545 0.20532865673303605
epoch:00654 31.926355400781517 0.9012331379800088 0.20594127774238585
epoch:00655 31.888238438768973 0.9007539201269049 0.20583959370851518
epoch:00656 31.918978875942038 0.9010569746757902 0.2057904288172722
epoch:00657 31.886827249751793 0.9008142537992132 0.2064160466194153
epoch:00658 31.921927904042160 0.9012263219550455 0.20574578940868377
epoch:00659 31.927772057644280 0.9013281126555575 0.2066182643175125
epoch:00660 31.897946335699924 0.9011939357414793 0.20682699084281922
epoch:00661 31.895200063775853 0.9009703440793941 0.20566112101078032
epoch:00662 31.904320826766450 0.9009562818776283 0.2055390715599060
epoch:00663 31.905294172550015 0.9013618703098029 0.20489484071731567
epoch:00664 31.913705877468820 0.9011575804896212 0.20671799629926682
